0 3 30000 1
0 6 200000 1
0 8 40000 1
0 9 20000 1
0 16 80000 2
0 17 50000 1
0 19 20000 1
0 21 70000 1
0 23 220000 1
0 26 20000 1
0 28 20000 1
0 29 50000 1
0 31 50000 1
0 35 50000 1
1 3 100000 1
1 9 20000 1
1 31 70000 2
1 32 20000 1
1 33 10000 1
1 36 10000 1
2 9 1000000 3
3 9 250500 2
4 1 100000 1
4 7 150000 1
4 10 170000 2
4 13 150000 1
4 16 150000 1
4 17 30000 1
4 19 110000 1
4 25 1100000 1
4 28 130000 1
4 31 150000 1
4 34 150000 1
5 7 3200 1
6 7 7700000 2
6 8 5000000 1
7 6 190000 2
7 7 324000 6
7 8 150000 2
7 9 140000 2
7 10 385500 3
7 11 254000 5
7 12 165000 4
7 13 385000 4
7 14 168000 3
7 15 140000 2
7 16 393000 5
7 17 98000 2
7 18 170000 4
7 19 381000 4
7 20 87000 2
7 21 186000 4
7 22 272000 4
7 23 60000 1
7 24 140000 2
7 25 294000 4
7 27 60000 1
7 28 332000 4
7 29 25000 1
8 4 240000 1
8 5 250000 1
8 6 15000 1
8 9 350000 1
8 11 300000 1
8 19 241600 1
8 20 250000 1
8 23 250000 1
8 27 225000 1
8 32 240000 1
8 35 240000 1
9 1 3790000 7
9 2 7920000 12
9 3 11120000 13
9 4 5930000 15
9 5 3320000 7
9 7 15840000 8
9 8 17700000 12
9 9 25500000 18
9 10 21330000 18
9 11 27460000 16
9 12 32280000 14
9 13 16100000 10
9 14 25480000 15
9 15 17990000 12
9 16 21160000 12
9 17 28520000 15
9 18 17740000 15
9 19 14130000 12
9 20 14420000 16
9 21 23730000 18
9 22 16120000 15
9 23 22740000 14
9 24 26500000 20
9 25 17414000 14
9 26 16640000 12
9 27 28900000 20
9 28 25570000 18
9 29 32690000 20
9 30 28550000 15
9 31 25670000 15
9 32 32470000 18
9 33 26870000 16
9 34 11070000 10
9 35 19130000 10
9 36 16420000 12
9 37 6790000 4
10 8 1000000 1
10 18 800000 1
10 32 2100000 1
11 8 7598200 2
11 11 7181000 3
12 8 40000000 4
12 9 161600000 17
13 8 65000 1
13 10 600000 1
13 21 230000 1
14 9 400000 1
14 22 190000 1
14 23 1500000 1
15 1 800000 1
15 6 229000 2
16 5 333 1
16 6 1616 26
16 7 340 1
16 8 689 1
16 9 110 2
16 12 80 1
16 19 121 2
17 1 40000 1
17 3 40000 1
17 7 50000 1
17 10 50000 1
17 13 50000 1
18 5 2000000 1
18 8 4000000 1
18 36 1940000 1
19 8 15000 2
20 1 90000 1
20 8 30000 1
20 9 20000 1
20 10 30000 1
20 12 20000 1
20 13 130000 2
20 14 60000 1
20 18 200000 1
20 21 90000 1
20 30 297100 1
20 31 600000 1
20 35 50000 1
21 6 162000 1
21 7 190000 1
22 8 21020 3
22 9 20000 1
23 7 100000 1
24 8 200000 1
25 9 3000000 6
25 22 300000 1
25 24 200000 1
25 27 100000 1
26 3 20000 1
26 9 20000 1
27 9 50000 1
28 9 26000 2
29 1 500000 1
29 2 1000000 2
29 3 500000 1
29 4 1500000 3
29 5 500000 1
29 7 310000 2
29 8 50000 1
29 9 600000 2
29 10 820000 2
29 11 770000 3
29 12 1000000 2
29 14 500000 1
29 15 1389000 4
29 17 770000 3
29 18 500000 1
29 19 700000 2
29 20 500000 1
29 21 500000 1
29 22 490000 1
29 23 450000 1
29 25 1220000 4
29 26 900000 2
29 27 200000 1
29 28 2842000 6
29 29 2590000 7
29 30 60000 1
29 31 1605000 2
29 32 1680000 2
29 35 1300000 1
30 9 60000 1
31 2 189968 1
31 6 99399 1
31 8 130208 1
31 12 260208 1
31 14 203431 1
31 18 311131 1
31 21 196663 1
31 24 235855 1
31 27 203096 1
31 30 200799 1
31 34 176168 1
31 36 206943 1
32 8 66000 2
32 10 50000 1
33 8 400000 1
33 33 20000 1
34 1 10438000 6
34 2 7520000 4
34 3 5770000 4
34 4 7190000 3
34 5 8470000 4
34 6 2468500 1
34 7 18800000 6
34 9 6480000 2
34 10 5160000 3
34 11 13020000 6
34 12 3380000 2
34 13 9090000 3
34 14 7700000 3
34 15 11400000 4
34 16 5250000 3
34 17 18080000 6
34 18 10700000 4
34 19 10160000 5
34 20 10410000 4
34 21 9010000 3
34 22 7430000 2
34 23 4723500 2
34 24 12890000 4
34 25 3470000 3
34 26 4150000 4
34 27 9040000 3
34 28 3510000 2
34 29 8610000 4
34 30 5090000 2
34 31 4610000 2
34 32 2650000 2
34 33 15020000 5
34 34 150000 1
34 35 3030000 2
34 36 3167500 5
34 37 4365000 2
35 5 500000 1
35 8 1000000 1
35 10 1000000 1
35 16 1000000 1
35 24 350000 1
35 34 1000000 1
36 7 4000000 1
37 6 350000 1
37 9 150000 1
37 12 500000 1
37 18 170000 1
37 32 70000 1
38 8 175000 1
38 20 6500 1
38 31 50000 1
39 7 300000 1
39 11 350000 1
39 17 300000 2
40 7 4500000 1
40 8 8000000 2
40 15 1500000 1
40 18 1000000 1
40 26 3500 1
40 29 9000000 2
40 31 4002000 2
40 32 1000000 1
40 33 1500000 1
41 1 1510000 10
41 2 14549900 8
41 3 52700000 15
41 4 22715000 19
41 5 9900000 3
41 6 5000000 2
41 7 27200000 13
41 8 4100000 2
41 9 1400000 1
41 10 4800000 3
41 11 13100000 8
41 12 9000000 4
41 13 9600000 5
41 14 8990000 6
41 15 8800000 6
41 16 13900000 6
41 17 4500000 1
41 18 8500000 6
41 22 8660000 4
41 23 8860000 5
41 24 17390000 14
41 25 18060000 22
41 26 22270000 19
41 27 10510000 8
41 28 1300003 506
41 29 30809415 892
41 30 24663800 1960
41 31 19013055 1578
41 32 28233699 4131
41 33 52502770 2785
41 34 15959162 729
41 35 9318888 4
41 36 13836664 9
42 7 500000 1
43 3 7100000 8
43 6 7100000 7
43 8 600000 2
43 9 6500000 8
43 11 850000 2
43 12 6250000 5
43 15 7100000 8
44 9 100000 1
45 1 100000 1
45 4 100000 1
45 9 100000 1
45 11 100000 1
45 14 100000 1
45 16 150000 1
45 26 100000 1
45 28 100000 1
45 30 200000 1
45 33 150000 1
45 36 100000 1
46 7 1470000 2
46 9 78000 1
46 13 290000 2
46 16 110000 1
46 19 180000 1
46 22 140000 1
46 25 147000 1
46 29 310000 1
46 31 991000 1
46 34 60000 1
47 7 1000000 1
48 1 6000000 2
48 7 2400000 2
49 9 30000 1
50 7 20000 1
50 8 10000 1
50 12 15000 2
50 17 10000 1
50 18 60000 2
50 20 32000 1
50 29 10000 1
50 32 65000 2
50 33 10000 1
50 34 10000 1
50 35 20000 1
50 37 53000 1
51 1 252500 1
51 4 40000 1
51 7 60000 1
51 10 380000 1
52 1 68300 1
52 5 80000 1
52 8 60500 1
52 10 71600 1
52 13 68000 1
52 16 68100 1
52 20 68000 1
52 26 5000 1
52 29 750000 1
53 3 60000 1
53 6 52000 1
53 9 120000 2
53 12 60000 1
54 8 990718 1
54 11 983000 1
54 14 980000 1
54 24 980000 1
54 29 970000 1
54 34 290000 1
54 36 187620 1
55 8 5000000 1
55 29 650000 1
56 1 2789091091 391
56 2 4369355440 520
56 3 3846212082 493
56 4 1465552705 287
56 5 4712133480 422
56 6 1633221217 263
56 7 3136643998 562
56 8 5553802181 691
56 9 4313765141 750
56 10 8780583942 1441
56 11 12361787583 1725
56 12 5672940762 774
56 13 2469196897 378
56 14 7930597952 795
56 15 9772756785 949
56 16 7747693489 901
56 17 5697963223 637
56 18 7458390170 394
56 19 7837449835 520
56 20 7662448735 894
56 21 3399527206 416
56 22 3759370936 300
56 23 4136418718 411
56 24 3410564457 388
56 25 2274518280 209
56 26 3860597084 293
56 27 1584770610 205
56 28 1045425909 100
56 29 4315160355 382
56 30 2977941590 298
56 31 3392480642 326
56 32 2170402466 346
56 33 3011146902 253
56 34 2115781956 236
56 35 3395268314 282
56 36 2277035271 240
56 37 2368953698 188
57 5 700000 2
57 9 700000 2
57 12 703000 2
57 15 701000 1
57 18 700000 2
57 21 700000 1
57 24 700000 1
57 26 700000 1
57 30 700000 1
57 33 600000 1
57 36 600000 1
58 3 461000 3
58 6 500000 1
58 7 200000 1
58 8 1050000 2
59 9 112000 1
60 7 100000 2
61 7 100000 1
61 11 50000 1
61 17 30000 1
62 2 50000 1
62 4 10000 1
62 5 160000 2
62 7 30000 1
62 8 100000 1
62 11 50000 1
62 14 50000 1
62 17 50000 1
62 20 50000 1
62 21 22500 1
62 22 30000 1
62 23 60000 1
62 26 140000 1
62 29 90000 2
62 31 10000 1
62 32 60000 1
62 35 50000 1
63 1 90000 1
63 2 101000 1
63 6 80000 1
63 8 200000 1
63 11 23000 1
63 15 80000 1
64 3 2983000 1
64 5 2986000 1
64 8 2500000 1
64 11 2515000 1
64 13 2533000 1
64 17 2625000 2
64 19 1600000 1
64 20 1000000 1
64 22 1500000 1
64 23 1200000 1
64 26 2950000 4
64 29 2780000 3
64 30 2000000 1
64 31 780000 1
64 33 1000000 1
64 34 1000000 1
64 35 1770000 1
65 7 450000 1
65 8 1000000 1
65 9 2550000 3
65 12 420000 1
65 17 400000 1
65 24 2000000 2
65 33 1000000 1
66 7 40000 1
67 9 20000 1
67 21 80000 1
68 9 174100 1
69 8 20000 1
70 8 8000000 5
71 7 529000 1
71 26 454100 1
71 27 1218800 2
71 30 820000 1
71 33 860000 1
71 36 1438000 2
72 7 200000 1
72 8 500000 1
73 5 500000 2
73 7 750000 2
73 8 350000 1
73 9 350000 1
73 10 300000 1
73 13 350000 1
73 14 200000 1
73 15 200000 1
73 17 200000 1
73 19 250000 1
73 20 150000 1
73 21 250000 1
73 22 250000 1
73 23 200000 1
73 25 250000 1
73 26 100000 1
73 28 250000 1
73 29 250000 1
73 31 80000 1
73 32 100000 1
73 34 100000 1
73 36 400000 1
74 9 6000 1
74 19 15000 1
75 9 230000 1
76 2 50000 1
76 3 50000 1
76 4 70000 4
76 5 10000 1
76 6 30000 1
76 7 50000 1
76 8 150000 3
76 9 30000 1
76 13 50000 1
76 14 30000 1
76 15 50000 1
76 17 40000 1
76 19 10000 1
76 21 15000 1
76 24 10000 1
76 25 20000 1
76 27 30000 1
76 31 50000 1
76 34 20000 1
76 36 50000 1
77 9 20000 1
77 17 30000 1
77 18 10000 1
77 19 20000 1
77 20 30000 1
77 21 40000 1
78 8 2580000 3
78 18 150000 1
78 36 105000 1
79 9 204600 2048
79 10 120200 1202
79 11 140000 1400
80 8 80000 1
81 3 13000 1
81 7 100000 1
81 17 10000 1
81 19 50000 1
81 26 8000 1
81 33 980000 1
81 35 16000 1
82 6 1000 1
82 7 2000 2
83 1 860000 1
83 4 870000 1
83 6 760000 1
83 8 710000 1
83 12 5000000 1
83 15 310000 1
83 18 300000 1
83 28 450000 1
83 31 910000 1
83 36 1400000 1
83 37 170000 1
84 9 5000000 1
84 19 400000 1
84 22 400000 1
84 26 500000 1
84 32 1000000 1
85 9 50000 1
86 8 100000 1
86 32 20000 2
87 1 136500 1
87 4 130000 1
87 7 100000 1
87 10 140000 1
87 13 135000 1
87 16 140000 1
87 19 135000 1
87 22 140000 1
87 25 118000 2
87 28 135000 1
87 31 140000 1
87 35 140000 1
88 6 200000 5
88 7 389000 13
88 13 275500 3
88 15 50000 1
88 27 60000 2
89 9 880000 1
89 18 990000 1
90 5 50000 1
90 9 50000 1
91 7 29100 291
91 8 57600 2
91 9 224014 201
91 10 148700 9
91 11 143600 9
91 12 133300 9
91 13 206300 9
91 14 214054 18
91 15 153268 9
91 16 145719 8
91 17 188085 13
91 18 164200 9
91 19 177945 12
91 20 184600 12
91 21 56400 179
92 8 627900 1
92 19 7000000 2
92 24 2200000 1
93 9 1000000 1
94 9 3000 1
95 8 20000 1
95 9 10000 1
95 10 20000 1
95 12 17000 1
95 13 60000 1
95 17 10000 1
95 18 50000 1
96 9 45000 1
96 18 20000 1
96 23 90000 1
97 3 250000 1
97 7 145000 1
97 9 20000 1
97 12 100000 1
97 14 200000 1
97 17 40000 1
98 9 10000 1
99 7 450000 1
103 5 90000 1
110 2 1500000 1
110 3 2000000 1
110 4 6680000 4
110 6 700000 1
110 7 1000000 1
110 8 2000000 1
112 17 2000000 1
115 9 1000 1
115 22 200000 1
117 26 400000 1
117 27 150000 1
120 13 69200 1
121 7 3000 1
123 3 500 1
123 4 1000 1
134 31 900000 1
134 35 220000 1
138 1 74000 1
138 9 20000 2
138 10 10000 1
138 12 9000 2
138 15 34600 2
138 16 20000 1
138 17 10200 2
138 19 10000 1
138 20 20000 2
138 25 20000 1
143 22 1000000 2
151 7 300000 1
156 37 10000000 2
157 19 20000 1
160 26 160000 1
161 14 10100 2
166 36 5950000 2
169 13 300000 1
171 7 260000 1
171 14 1000000 1
171 29 500000 1
172 17 80000 2
175 5 1000000 1
176 2 236000 1
176 5 237000 2
176 8 237000 1
176 11 234700 1
176 14 236500 1
176 17 212400 1
176 20 240000 2
176 23 233500 1
176 26 265800 1
176 29 266000 1
176 32 265900 1
176 35 266800 1
177 19 4000000 1
177 34 5000000 1
180 15 188800 1
180 24 300000 1
187 34 47000 1
190 30 271500 1
190 37 300000 1
194 5 2000000 1
194 16 1400000 2
194 18 3800000 2
194 19 2400000 1
194 23 3000000 1
194 25 2000000 1
194 29 2000000 1
196 19 1500000 1
196 20 2111200 1
196 30 2400000 1
196 33 1500000 1
197 12 437800 1
198 1 100000 1
198 2 200000 1
198 4 200000 1
198 5 200000 1
198 6 400000 2
198 7 200000 1
198 8 250000 2
198 9 200000 1
198 10 400000 2
198 11 200000 1
198 12 200000 1
198 13 200000 1
198 14 200000 1
198 15 200000 1
198 16 600000 3
198 17 200000 1
198 18 200000 1
198 19 400000 2
198 21 400000 2
198 22 200000 1
198 23 200000 1
198 25 400000 2
198 26 200000 1
198 27 400000 2
198 28 400000 2
198 29 200000 1
198 30 200000 1
198 31 400000 2
198 33 200000 1
198 34 200000 1
198 35 200000 1
198 36 200000 1
198 37 200000 1
201 21 400000 1
203 11 23521000 1
203 14 15444100 2
203 31 80 1
203 32 150000000 1
203 34 163783000 2
203 36 121715500 1
204 1 17046658100 71
204 2 18743131300 75
204 3 11722348700 58
204 4 14928043400 77
204 5 7112449900 54
204 6 5021669500 23
204 7 17348888900 66
204 8 17037543800 74
204 9 14346292900 60
204 10 1736402900 9
204 11 1091917600 9
204 12 1027594900 9
204 13 1221814500 7
204 14 220000000 5
204 15 36009200 2
204 16 25000000 4
204 17 4036333300 19
204 18 5033803200 25
204 19 2538711200 18
204 20 4584710900 26
204 21 2160170700 18
204 23 5014120700 45
204 24 16793902100 88
205 2 190000000 2
205 3 391400000 1
205 4 15000000 1
205 10 15000000 1
205 13 15000000 1
205 18 119919800 1
205 19 6600000 2
205 20 59140000 10
205 21 40000000 1
205 23 1000000 1
205 24 64800000 2
205 25 234191800 5
205 26 300020000 1
205 35 34000000 1
206 2 9805300 1
206 4 10000000 1
206 5 30005200 1
206 6 120000000 2
206 7 221645000 3
206 8 219973400 7
206 9 472853600 7
206 10 696301200 8
206 11 204244700 8
206 12 239434600 11
206 13 225232400 6
206 14 159534900 3
206 15 156252600 7
206 16 982783200 12
206 17 540088000 7
206 18 615400000 4
206 19 230000000 2
206 20 2841462400 14
206 21 3502563100 17
206 22 1029016900 8
209 18 2773040000 5
209 19 1796950000 2
211 1 372750000 1
211 30 10000000 1
211 31 1206873300 3
211 32 4000000 1
212 19 4572000000 6
212 20 786000000 1
212 21 461800000 2
212 22 69900000 1
212 26 297638868 4
212 27 116083699 9
212 28 40099700 6
212 29 364890400 13
212 30 188343400 12
212 31 226990800 10
212 32 56633200 10
212 33 63150900 4
212 34 25044000 2
