0 0de23d5a12483870efc37e0b595fdfb3 30000 25 0000 4500
0 0de23d5a12483870efc37e0b595fdfb3 200000 59 0000 4500
0 0de23d5a12483870efc37e0b595fdfb3 40000 70 0000 4500
0 0de23d5a12483870efc37e0b595fdfb3 20000 87 0000 4500
0 0de23d5a12483870efc37e0b595fdfb3 60000 151 0000 4500
0 0de23d5a12483870efc37e0b595fdfb3 20000 152 0000 4500
0 0de23d5a12483870efc37e0b595fdfb3 50000 164 0000 4500
0 0de23d5a12483870efc37e0b595fdfb3 20000 185 0000 4500
0 0de23d5a12483870efc37e0b595fdfb3 70000 200 0000 4500
0 0de23d5a12483870efc37e0b595fdfb3 220000 229 0000 4500
0 0de23d5a12483870efc37e0b595fdfb3 20000 253 0000 4500
0 0de23d5a12483870efc37e0b595fdfb3 20000 270 0000 4500
0 0de23d5a12483870efc37e0b595fdfb3 50000 286 0000 4500
0 0de23d5a12483870efc37e0b595fdfb3 50000 308 0000 4500
0 0de23d5a12483870efc37e0b595fdfb3 50000 340 0000 4500
1 05afc7588ca41984c616a65e20bd2612 100000 23 0000 0000
1 05afc7588ca41984c616a65e20bd2612 20000 87 0000 0000
1 0ecdf3670ae886370b09cfbd3ba73e48 20000 306 0000 0000
1 05afc7588ca41984c616a65e20bd2612 50000 307 0000 0000
1 0ecdf3670ae886370b09cfbd3ba73e48 20000 313 0000 0000
1 05afc7588ca41984c616a65e20bd2612 10000 326 0000 0000
1 05afc7588ca41984c616a65e20bd2612 10000 350 0000 0000
2 6742dcad1115f917960c697bac111c2e 50000 86 0000 0000
2 6742dcad1115f917960c697bac111c2e 900000 86 0000 0000
2 6742dcad1115f917960c697bac111c2e 50000 87 0000 0000
3 b0e8f85b41000194c1b8504a41bc3e44 230000 84 0000 0000
3 b0e8f85b41000194c1b8504a41bc3e44 20500 85 0000 0000
4 b26cc95afe265b981c3227ab00289b0c 100000 1 0000 6500
4 b26cc95afe265b981c3227ab00289b0c 150000 62 0000 6500
4 b26cc95afe265b981c3227ab00289b0c 30000 91 0000 6500
4 b26cc95afe265b981c3227ab00289b0c 140000 91 0000 6500
4 b26cc95afe265b981c3227ab00289b0c 150000 121 0000 6500
4 b26cc95afe265b981c3227ab00289b0c 150000 152 0000 6500
4 b8cb558db45a8f997895c3b4571b8d63 30000 164 0000 6500
4 b26cc95afe265b981c3227ab00289b0c 110000 181 0000 6500
4 5f521af7ea33ce0be504caae8e639723 1100000 242 0000 6500
4 b26cc95afe265b981c3227ab00289b0c 130000 279 0000 6500
4 e0f5349e737f9fcf6990665983d52ecc 150000 304 0000 6500
4 e0f5349e737f9fcf6990665983d52ecc 150000 334 0000 6500
5 349bfad7f3019dbc5ad888f4ffec7930 3200 68 0000 0000
6 7416efe50e56881ee80dd907ddef0898 5000000 61 0000 0000
6 7416efe50e56881ee80dd907ddef0898 2700000 68 0000 0000
6 f7d1c69a3eba501af3fa5900caaafe9d 5000000 70 0000 0000
7 b32440b125909889ea26606f8fae88b2 100000 57 8800 0000
7 b32440b125909889ea26606f8fae88b2 90000 59 8800 0000
7 b32440b125909889ea26606f8fae88b2 73000 60 8800 0000
7 b32440b125909889ea26606f8fae88b2 55000 61 8800 0000
7 b32440b125909889ea26606f8fae88b2 64000 61 8800 0000
7 b32440b125909889ea26606f8fae88b2 50000 64 8800 0000
7 b32440b125909889ea26606f8fae88b2 39000 68 8800 0000
7 b32440b125909889ea26606f8fae88b2 43000 68 8800 0000
7 60580718a847c03643f79ab4fad3841f 75000 71 8800 0000
7 b32440b125909889ea26606f8fae88b2 75000 76 8800 0000
7 b32440b125909889ea26606f8fae88b2 70000 80 8800 0000
7 705284e43d39b734cf84191732afe274 70000 89 8800 0000
7 705284e43d39b734cf84191732afe274 100000 91 8800 0000
7 705284e43d39b734cf84191732afe274 120000 92 8800 0000
7 705284e43d39b734cf84191732afe274 165500 95 8800 0000
7 705284e43d39b734cf84191732afe274 59000 102 8800 0000
........