55269   49702
46256   34557
25596   18710
11197   13752
8520   33673
36191   27934
5137   29137
30959   53709
6654   26972
49884   12555
51963   17956
31948   31817
4457   53709
1064   53709
24603   53709
53397   40922
34485   46194
39010   6990
51926   26972
37263   15240
14410   25745
55269   19357
14939   12701
51423   28409
9123   13944
1163   54518
3812   1794
1403   39478
5137   20491
10039   3988
49884   11307
5127   42188
38036   33673
27330   4060
42530   36539
52323   33673
6986   46031
42530   36426
14071   16014
8293   8466
48246   9879
28122   20130
48047   9879
45657   53709
39478   18746
49266   33660
11861   45660
44640   35243