账号 金额 次数
0   1461782   2
1   1403672   2
2   1000000   2
3   20000000   2
4   47281848   2
5   15634   2
6   52500000   20
7   1878068   4
8   17539706   4
9   14000000   8
10   446600   6
11   14998486   2
12   908098200   26
13   1976   4
14   7367884   6
15   4122722   6
16   6666032   2
17   220000   2
18   80000000   6
19   626426   2
20   23800000   16
21   26258888   6
22   31694   2
23   22663176   6
24   96628280   24
25   5381940   2
26   921496   2
27   4000000   2
28   1180000000   12
29   8000000   2
30   220000   2
31   40000000   4
32   6940000   4
33   2028148   2
34   3800000   4
35   458794   2
36   2000000   2
37   1559384   10
38   640000   6
39   420000   4
40   216000000   4
41   48781250   4
42   1040000000   2
43   54891922   4
44   17539706   4
45   4500000   2
46   300312   8
47   272944002   14
48   114158824   8
49   5600000   8
50   10856254   6
51   800000   2
52   300916   6
53   40000   4
54   52700000   6
55   1566216   2
56   4315584   4
57   2132172   2
58   20362784   2
59   2000000   2
60   26433600   4
61   30000000   4
62   300000   4
63   1431440   2
64   2348200   2
65   140000   4
66   4   4
67   90306934   6
68   27016566   8
69   200000   4
70   4794992   2
71   2600000   2
72   4000000   6
73   202200   4
74   5800000   2
75   23563804   2
76   6572950   2
77   50000000   2
78   408162   6
79   360000   2
80   2   2
81   9600000   2
82   32000000   2
83   4076114   2
84   19530000   10
85   20352   2
86   6819892   4
87   1739962   2
88   4200000   2
89   4500000   4
90   55515800   12
91   19601200   2
92   39580   4
93   20000   60
94   36252060   6
95   17474000   2
96   9000000   6
97   81200000   2
98   16100002   6
99   37010832   6
100   540000   6
101   1980000   4
102   46626   236
103   30000000   6
104   721810   4
105   47436   2
106   54000000   16
107   19147740   2
108   6934102   2
109   40000   2
110   114032   2
111   200000   2
112   2002   4
113   800000   4
114   200000   2
115   22000000   10
116   180000   10
117   90000000   2
118   7984068   12
119   2   2
120   1698800   8
121   210011142   6
122   6000000   4
123   5193364   4
124   800000   4
125   30608128   6
126   17539706   4
127   200   2
128   3988   2
129   1453890   8
130   105100   2
131   15772156   6
132   10861144   6
133   332342   10
134   4214024   4
135   100000000   2
136   440000   6
137   13839630   6
138   25193028   4
139   20000   2
140   124   2
141   400000   4
142   466600000   8
143   14394602   2
144   2520   2
145   90861654   4
146   315190   2
147   1500836   2
148   600000   2
149   60000   4
150   84362152   8
151   108000000   6
152   27580384   10
153   30000000   4
154   8420000   4
155   3507942   4
156   40360000   10
157   16000000   4
158   137663200   16
159   221000   2
160   2060000   4
161   66601200   2
162   755996   2
163   15544442   4
164   400000   2
165   20000000   8
166   2307256   2
167   23442350   4
168   200   2
169   947558   2
170   2   2
171   1600000   2
172   192500   4
173   5091774   2
174   930000   6
175   110000000   4
176   3076526   2
177   438910   2
178   10000000   2
179   11906134   2
180   2551440   4
181   365404   1364
182   254800   2
183   42000   2
184   2039398   4
185   2008798   4
186   700000   2
187   10000000   2
188   400000   4
189   3982318   2
190   62270   2
191   5000000   4
192   6103822   4
193   2125701800   76
194   91886634   16
195   1028194000   24
196   991868   2
197   1522000   4
198   60000000   2
199   22092000   2
200   16117600   2
201   17816656   6
202   2000000   2
203   240000   2
204   944400000   10
205   10535830   4
206   486752   2
207   12509476   4
208   300000000   30
209   10486372   10
210   457340000   4
211   24005922   12
212   26032452   8
213   6772180   4
214   17539706   4
215   2   2
216   9200000   8
217   2600000   6
218   6581868   6
219   300000   2
220   2527600   2
221   176880000   4
222   2865324   2
223   1560564   2
224   10000000   2
225   9392786   2
226   6000000   4
227   8093006   8
228   3200000   4
229   2000000   2
230   2063556   2
231   9817870490   1430
232   600000   2
233   21800000   12
234   4864000   4
235   105238236   4
236   20000   2
237   4000000   2
238   58000000   12
239   8930838   2
240   600000   4
241   20000000   20
242   15064280   4
243   820   2
244   200   2
245   2000000   2
246   610608   2
247   15600000   2
248   26393476   8
249   362422   2
250   6097176   8
251   138362   2
252   8220458   14
253   400000   2
254   2   2
255   2169302   2
256   400   2
257   4000   4
258   2010000   4
259   51200000   10
260   77400000   4
261   23630312   2
262   2588   2
263   4740000   2
264   947500   10
265   1594344   2
266   10000000   2
267   10080000   18
268   4000000   2
269   36000000   2
270   718796   2
271   2   2
272   2713970   8
273   140000   2
274   2000000   2
275   1000000   6
276   1950000   2
277   458601000   16
278   679554000   14
279   18788   4
280   3960000   2
281   728624   4
282   10000000   2
283   1545240   4
284   2003522   2
285   10000000   2
286   30000000   2
287   387036   2
288   256586   4
289   676554   4
290   1340462   2
291   40000000   2
292   125905130   12
293   31080000   12
294   20000   2
295   20000000   2
296   40008   4
297   20000   2
298   2878002   2
299   1359800000   56
300   81000000   10
301   3400000   4
302   19672948   8
303   1600000   2
304   122431200   44
305   7000000   6
306   18134412   2
307   66640   2
308   8039866   2
309   2668574   2
310   1802748   2
311   200000   2
312   8800000   4
313   800000   2
314   4455760400   146
315   200   2
316   400000   2
317   517987400   12
318   4000000   2
319   1836304   6
320   6800000   2
321   426572   2
322   2358978   2
323   13300000   8
324   3802170   2
325   2766   2
326   570636   2
327   5742   6
328   628504   2
329   10000000   2
330   365006   1366
331   14000000   2
332   1486782   4
333   13219948   14
334   32000000   4
335   12180410   2
336   3600000   4
337   1362174   2
338   5577096   6
339   500000   2
340   2257832   2
341   1317400   2
342   20000   2
343   1280000   4
344   1200112200   36
345   2000000   2
346   1849488   4
347   200000   2
348   14872408   12
349   164000   2
350   10653244   8
351   5621374   2
352   606714   2
353   400000   4
354   16000000   16
355   864000000   20
356   289090000   34
357   20400   4
358   30000000   2
359   30654258   4
360   1504364   6
361   3600000   2
362   6781680   4
363   5993400   2
364   29944000   4
365   2000000   2
366   21744786   2
367   31400000   2
368   21262   4
369   140000   2
370   197000000   2
371   800000   6
372   4921152   2
373   40502   2
374   16155480   4
375   380000   2
376   2000000   2
377   30812746   2
378   17800000   2
379   2764724   4
380   1724474   2
381   15611188   4
382   31769000   6
383   6173020   2
384   999600   2
385   8000000   6
386   2246268   2
387   4560000   20
388   1995572   2
389   6000   60
390   130000000   6
391   2   2
392   4010572   10
393   200   2
394   440000   4
395   20000000   20
396   9730086   6
397   400000   2
398   4000000   2
399   51325820   4
400   1900000   4
401   6424200   2
402   2120000   8
403   40000000   4
404   459258000   54
405   9682382   4
406   264188   4
407   19119830   4
408   40066430   6
409   2039400   2
410   20964   4
411   10740   6
412   2   2
413   258000000   8
414   11742368   10
415   240768   4
416   35794   2
417   1440000   4
418   7684562   10
419   1343800   4
420   20139898   12
421   22700000   8
422   1620000   6
423   200000000   4
424   18000000   4
425   16200000   10
426   2000000   2
427   3340000   8
428   30000000   2
429   5360000   2
430   13800000   12
431   2300000   4
432   200   2
433   23331640   16
434   7280000   2
435   1000000   2
436   2292360   4
437   15440000   6
438   4000000   16
439   10000000   2
440   1195058   2
441   20000000   4
442   49642   2
443   1753970   4
444   2425186   2
445   22000000   6
446   7951816   4
447   80000   2
448   1494604   2
449   3188688   4
450   5000000   6
451   1216746   2
452   14968634   4
453   895710   2
454   500000   2
455   1075072   6
456   27800000   4
457   236726   2
458   1000000   2
459   306400   4
460   182000   4
461   20000000   2
462   12800000   2
463   420596   2
464   8100640   6
465   507540   4
466   10610570   2
467   3553522   2
468   286976   2
469   2881682   4
470   1630636   2
471   2400000   4
472   190000   2
473   81000000   2
474   14974162   2
475   385304   2
476   360000   4
477   22000000   2
478   6402416   2
479   24391390   6
480   11163198   8
481   2213916   2
482   10000000   2
483   8000200   6
484   3000000   2
485   17400000   6
486   200   2
487   2683340   2
488   26463118   6
489   785620284   4
490   12135210   2
491   400000   2
492   1460412   2
493   3130366   2
494   47150046   10
495   400000   2
496   5597880   4
497   4306080   2
498   3402702   4
499   19776   4
500   1400000   2
501   20000000   4
502   200000   2
503   741654   2
504   80000   2
505   1011944   2
506   300000   2
507   5179424   4
508   300000   4
509   503768   2
510   29817500   4
511   5779270   2
512   1000000   2
513   2837606   14
514   62000000   8
515   16000000   6
516   24828924   8
517   23046800   2
518   2819628   2
519   6000000   2
520   2000000   2
521   46000000   8
522   1600000   2
523   2400000   18
524   13176000   12
525   2159790   4
526   14425352   2
527   15743562   2
528   8870322   2
529   840   2
530   20000000   2
531   20200   98
532   1180000   8
533   536578   4
534   2729258258   14
535   94280056   6
536   739000   2
537   18597838   2
538   36000000   16
539   10000002   4
540   10000000   2
541   2000000   2
542   144233718   28
543   131857210   20
544   220000000   2
545   2000000   4
546   840000   2
547   14000   2
548   1100000   2
549   10000000   2
550   1889684   4
551   20662220   10
552   610588   2
553   3000000   2
554   400   2
555   2000000   2
556   65640976   2
557   178200000   2
558   52500   2
559   262311394   2
560   2000000   2
561   200000   2
562   18800000   18
563   53982930   18
564   1000000   2
565   2400000   12
566   1000   2
567   8400000   4
568   900000   6
569   4662147276   92
570   59967200   4
571   7015882   4
572   1451518   2
573   403200000   40
574   220000   2
575   500000   6
576   6000000   2
577   39528028   14
578   67968   2
579   15282   2
580   3200000   4
581   241366800   64
582   46062   2
583   79870800   4
584   79520000   22
585   62944000   4
586   7000000   4
587   537040   2
588   480000   6
589   3041480   2
590   9414530   2
591   57117128   16
592   30000   2
593   20031766   12
594   45579686   8
595   2790508   2
596   16816602   12
597   325890   2
598   1400000   2
599   40000000   2
600   5963500   4
601   140000   2
602   2200000   12
603   3528902   8
604   32430000   2
605   16060000   2
606   13040662   12
607   3600538   6
608   32800000   8
609   2440000   6
610   1518170   2
611   120000000   4
612   10000000   2
613   15503034   6
614   100000000   2
615   1780000000   56
616   20234062   4
617   10000000   2
618   8000000   6
619   32461476   8
620   200000   2
621   3780000   4
622   41294970   22
623   30201478   8
624   1527400   4
625   2580   2
626   996260   4
627   100000   2
628   2310318   4
629   1400000   6
630   418080000   14
631   295760000   76
632   40000   2
633   120000000   2
634   30372480   6
635   702000   4
636   87530   2
637   256960000   2
638   16386800   56
639   200000   2
640   14804056   6
641   5843932   4
642   4932000   4
643   1836784   4
644   4647082   8
645   20000000   4
646   1622314   2
647   759802174   4
648   21420000   10
649   1580000   2
650   72558030   10
651   17515870   10
652   130646148   8
653   4617356   4
654   1502000   2
655   4890000   2
656   75400000   2
657   121724400   4
658   14000000   8
659   19400000   8
660   2454   2
661   7249372   8
662   12000000   2
663   2126920   2
664   3507942   4
665   2000000   2
666   6000000   2
667   1960000   6
668   30000000   6
669   219822   2
670   6167906   10
671   200000   2
672   20297200   6
673   2345166   4
674   27953748   12
675   200000   2
676   20000000   6
677   1000000   2
678   4200000   8
679   108272   4
680   100000000   4
681   188   2
682   102893392   42
683   486056   8
684   26100000   2
685   5794434   2
686   2000000   2
687   104455772   12
688   1746000   2
689   180000   6
690   190000000   10
691   13964670   4
692   44455374   28
693   16758   2
694   400000   4
695   11940000   4
696   4336864   8
697   558674000   64
698   200000   2
699   260000   4
700   60000000   2
701   6886   2
702   220000000   6
703   19164000   8
704   164020   2
705   22010448   10
706   391000   4
707   614200000   10
708   800000   8
709   1232   2
710   400000   2
711   640236   6
712   800000   2
713   627792   2
714   860000   4
715   1520008   4
716   300000   4
717   30832000   2
718   60000   2
719   2470684   2
720   2246178   2
721   1028392   6
722   4600000   2
723   3400000   2
724   11200000   10
725   17539706   4
726   80000000   2
727   10452432   2
728   6203168   2
729   9602084   2
730   11600000   8
731   4000000   4
732   42027430   10
733   8873444   4
734   7706982   4
735   6925808   6
736   2932000   12
737   4500000   16
738   9182198   2
739   300000   2
740   168202000   8
741   12100000   8
742   1200000   2
743   51946   2
744   8313312   12
745   200000   2
746   51917530   10
747   16000000   2
748   3990600   2
749   7505268   4
750   1279176   16
751   42000000   6
752   200000   2
753   23600000   10
754   13400000   2
755   7294142   2
756   20   2
757   31682092   20
758   104907052   22
759   4386   2
760   100000   2
761   10000000   2
762   24316494   8
763   22784170   2
764   3440000   2
765   1565884   6030
766   694752   2
767   32805576   8
768   45258   2
769   20000000   2
770   140000   2
771   2   2
772   1190564   6
773   10000000   2
774   6   6
775   60600   2
776   2716960   4
777   2400000   10
778   4028914   4
779   1000000   2
780   59006532   14
781   2365662   4
782   3260000   6
783   100000   2
784   189132   2
785   34360000   6
786   6696882   2
787   514620   2
788   3056   2
789   33611068   4
790   434040000   8
791   1213326   4
792   555464400   370
793   3507942   4
794   208132   4
795   4000000   2
796   37707466   4
797   2663532   2
798   14323600   6
799   284756   2
800   9255146   4
801   29800000   8
802   44000000   4
803   131222842   14
804   1800000   2
805   50109400   8
806   6315642   6
807   1876   4
808   55438   2
809   37308894   4
810   22928   8
811   254927444   16
812   4000000   2
813   10000   2
814   1196412   2
815   4000000   10
816   506640   8
817   6000000   2
818   15180000   14
819   2380000   2
820   476780000   18
821   6160590   2
822   14000000   2
823   1471724   2
824   39556   4
825   31426928   2
826   7863926   2
827   2   2
828   336000000   36
829   2455558   4
830   7600000   12
831   54810000   6
832   220000   4
833   600000   2
834   48800000   2
835   29266174   6
836   30000   2
837   10175004   2
838   12280670   2
839   4819794   2
840   223712   2
841   252274   2
842   8915064   2
843   60000000   2
844   3612000   4
845   90000000   6
846   1317000   2
847   4500000   24
848   25146788   8
849   533592   2
850   20000000   4
851   318214   2
852   1110368   2
853   20873066   8
854   70000000   8
855   18350200   22
856   180000   2
857   360000000   36
858   60000000   2
859   22661126   8
860   922200   8
861   19470000   4
862   24000000   8
863   35244000   2
864   60000   2
865   16638   6
866   5041074   4
867   4004430   6
868   100000000   2
869   5000000   10
870   355702   2
871   6267228   4
872   5848   2
873   7920000   4
874   5756868600   102
875   34750430   4
876   60000000   10
877   20000000   4
878   10000000   4
879   21713386   6
880   40000000   10
881   2000000   2
882   19919966   4
883   10000000   6
884   1600000   4
885   230165400   4
886   8761080   4
887   6000000   2
888   10690000   78
889   4560000   6
890   20000   2
891   20759016   4
892   49337336   34
893   139235404   6
894   66000   2
895   157456948   24
896   10427130   2
897   20000   2
898   20000   2
899   7563552   4
900   344780560   82
901   30004878   4
902   2551802   8658
903   40808494   2
904   1426000000   46
905   100000000   10
906   400000   4
907   560012000   6
908   8525238   4
909   5578   2
910   126270262   56
911   11000000   6
912   10655000   10
913   25240000   2
914   140000000   4
915   1500000   6
916   14132160   22
917   2252064   2
918   2   2
919   32000000   2
920   23994848   6
921   6258108   2
922   2578656   22
923   214   2
924   2735936458   28
925   310000   2
926   17456184   6
927   232496   16
928   5460648   8
929   68808032   10
930   600   4
931   31307460   4
932   58222688   6
933   2000000   2
934   24908442   32
935   15846268   4
936   70524280   2
937   14401458   8
938   80000   2
939   934300   4
940   6000000   2
941   1283126   2
942   3400000   6
943   1880086   14
944   22000000   10
945   1280000   4
946   7200000   4
947   6328   2
948   262000000   4
949   40018000   10
950   2803228   2
951   102720000   2
952   1078056   10
953   288240   8
954   1540000   4
955   1400   2
956   22000000   2
957   1987084   4
958   61048   2
959   5159146   2
960   3848878   4
961   2000000   2
962   10000000   2
963   2754218   2
964   2986000   2
965   32391752   12
966   71060000   2
967   60000000   6
968   20000   2
969   1587340   4
970   200   2
971   22200000   4
972   2828484   4
973   70052000   16
974   11492930   8
975   104388000   2
976   1000000   2
977   1660000   2
978   7922142   6
979   18162200   22
980   2485022   2
981   23340000   2
982   325000   6
983   1300000   2
984   210200   2
985   27914272   6
986   276098   4
987   11600000   8
988   1660000   2
989   29530   2
990   6000000   4
991   60000000   2
992   40000000   6
993   4105948   4
994   6330406   20
995   6000000   2
996   1979468   2
997   32120000   2
998   260000   4
999   59336   4
1000   299568000   32
1001   10979348   8
1002   5446990   6
1003   40150000   2
1004   514452168   24
1005   32320000   2
1006   7455486   4
1007   10000000   2
1008   315040   2
1009   200000   2
1010   160000   2
1011   16200000   2
1012   2031728   4
1013   62669598   8
1014   2172786   2
1015   296604378   12
1016   702000   6
1017   52266   2
1018   12662996   4
1019   27492000   2
1020   16913214   6
1021   3650300200   12
1022   1000   2
1023   1480002   4
1024   3200000   6
1025   473600   8
1026   177919962   4
1027   9510978   30
1028   287502   2
1029   2646328   2
1030   232256   2
1031   471400000   16
1032   6042878   4
1033   3978990   2
1034   229726   2
1035   5483078   4
1036   980472   4
1037   110000000   2
1038   220000   2
1039   59999800   4
1040   6837606   2
1041   72160000   4
1042   1000000   2
1043   443532   2
1044   200   2
1045   1880000   2
1046   1028700   2
1047   9888   4
1048   26095884   20
1049   5557374   12
1050   40000000   2
1051   5623786   10
1052   2425186   2
1053   6000000   2
1054   116   2
1055   10000000   2
1056   1000000   2
1057   2436136   2
1058   22024546   2
1059   1465056   2
1060   29998000   6
1061   4200000   6
1062   220000000   2
1063   126994238   22
1064   24070112   4
1065   1400000   2
1066   4524272   4
1067   8000000   2
1068   13495094   2
1069   868267328   320
1070   1900000   16
1071   4000000   2
1072   251460000   8
1073   131000000   16
1074   420000   4
1075   38870530   2
1076   320100   8
1077   2000000   4
1078   200280000   2
1079   100000000   2
1080   10000000   4
1081   8949822   14
1082   10000000   6
1083   28900000   12
1084   8200000   8
1085   180086   2
1086   14000000   6
1087   7160062   4
1088   9000000   4
1089   220000   2
1090   200144   2
1091   76156962   4
1092   37200   2
1093   100000000   10
1094   1756892000   176
1095   8228106   4
1096   514410   2
1097   375104   8
1098   60387820   6
1099   8513610   2
1100   52897632   4
1101   20000   2
1102   5280000   2
1103   160920000   6
1104   3667796   2
1105   50000000   10
1106   107600000   2
1107   11598608   2
1108   5343440   2
1109   360052600   48
1110   46   2
1111   4152362   4
1112   14833410   4
1113   8925224   6
1114   20000   2
1115   58920000   2
1116   2039608   2
1117   298584   8
1118   4000000   2
1119   207226828   4
1120   220000   2
1121   516944   2
1122   356002   1376
1123   13200000   30
1124   584512   2
1125   3200000   24
1126   14000000   6
1127   1600000   4
1128   41000000   8
1129   9448794   14
1130   60902586   4
1131   10349832   4
1132   16660000   4
1133   52060270   14
1134   5469056   4
1135   2013046   2
1136   200   2
1137   44160000   2
1138   770000   4
1139   4000000   2
1140   400000   3996
1141   1847928   2
1142   2180556   4
1143   581400   3954
1144   506754   2
1145   51812280   10
1146   240000   2
1147   6857266   2
1148   14814626   4
1149   5746246   2
1150   229000   2
1151   80000   2
1152   18666222   18
1153   3600000   4
1154   220000   2
1155   28470576   6
1156   2600000   6
1157   253200   2
1158   1150   2
1159   3066455200   92
1160   5446946   4
1161   10000   2
1162   6265486   2
1163   19944000   2
1164   959440   4
1165   111464336   8
1166   620000   4
1167   27886438   4
1168   325600   4
1169   1983298   2
1170   3800000   8
1171   7948982   2
1172   14031764   4
1173   1948800   4
1174   16763626   6
1175   29110   2
1176   229040   2
1177   730   2
1178   23079426   4
1179   8000000   4
1180   826062054   490
1181   8800000   2
1182   240000   2
1183   20600000   8
1184   200   2
1185   609674   2
1186   120200000   2
1187   200000000   2
1188   1400000   2
1189   2251000   2
1190   40000000   4
1191   18237720   2
1192   1000000   6
1193   220000000   4
1194   1450062   2
1195   9245660   2
1196   20000000   2
1197   30120   8
1198   19468928   12
1199   20200000   2
1200   2011546   8
1201   970100000   26
1202   4991770   2
1203   7200000   6
1204   60000000   10
1205   19800   4
1206   88000000   4
1207   10000000   2
1208   1780000   2
1209   6000000   2
1210   12627424   2
1211   17000000   28
1212   1344000000   28
1213   1617674   2
1214   14000   2
1215   8800000   4
1216   800000   4
1217   2000000   2
1218   327226   2
1219   2154504   4
1220   4661222   2
1221   200   2
1222   40652906   4
1223   14314404   2
1224   226985646   2
1225   18000000   2
1226   1008000   8
1227   3400000   4
1228   862610   2
1229   8660426   4
1230   14625022   4
1231   200000   2
1232   202130   4
1233   22180000   6
1234   11000000   4
1235   4000000   4
1236   1460000   2
1237   45645624   2
1238   40000   2
1239   10446758   10
1240   1850180   4
1241   38   4
1242   1721616   4
1243   1980000   4
1244   307010000   6
1245   220000   2
1246   18148800   2
1247   9233485496   1280
1248   140000   2
1249   2900   4
1250   4000000   4
1251   2494662   2
1252   26000000   4
1253   3660810   2
1254   14000000   2
1255   280000   2
1256   11412000   4
1257   40030972   2
1258   1996000   2
1259   133366   2
1260   25500000   6
1261   32110000   2
1262   2811604   2
1263   450128   8
1264   4016012   2
1265   80000000   4
1266   600000   2
1267   220000000   2
1268   17000000   10
1269   4985110   6
1270   32460000   2
1271   13680000   4
1272   80000   4
1273   11123260   6
1274   100000   2
1275   189920000   38
1276   22028000   2
1277   3351236   2
1278   14422606   24
1279   903000   4
1280   10000000   6
1281   102485886   2
1282   28376694   6
1283   2   2
1284   17539706   4
1285   5355374   32
1286   2400000   2
1287   3226828   6
1288   5000000   2
1289   13528   2
1290   731000000   6
1291   54730   2
1292   3299988   2
1293   17539706   4
1294   10000000   4
1295   69610534   16
1296   8271686   4
1297   2000000   2
1298   18798000   20
1299   10000000   2
1300   6707798   2
1301   4560000   2
1302   50000000   4
1303   10165356   2
1304   80000000   4
1305   79186352   12
1306   7257360   2
1307   6000000   2
1308   5760   2
1309   14160000   4
1310   24160000   8
1311   2200000   2
1312   26071606   18
1313   3890000   4
1314   120000000   2
1315   37400000   4
1316   10746   4
1317   2825062   2
1318   114688   2
1319   28000000   18
1320   10326878   4
1321   17350000   138
1322   38000000   8
1323   4000000   4
1324   8000000   2
1325   2751850   2
1326   2200000   2
1327   4   4
1328   200000   2
1329   367800   2
1330   601918038   46
1331   11325067000   188
1332   20000000   6
1333   1231276   2
1334   8429786   2
1335   165000   2
1336   8540000   4
1337   100660800   2
1338   2640000   4
1339   10000000   4
1340   32084976   22
1341   22212   4
1342   1473000   8
1343   5240272   2
1344   26234   2
1345   11154102   2
1346   1030748   2
1347   6860504   2
1348   200   2
1349   892000000   24
1350   1141486   2
1351   9247904   2
1352   20080   4
1353   70169470   2
1354   1068164   2
1355   27200000   2
1356   1978810   4
1357   4800000   10
1358   143584   4
1359   1955364   10
1360   1454740000   12
1361   117298   12
1362   50410082   6
1363   3580000   2
1364   160437166   8
1365   12000000   12
1366   13599484   4
1367   200   2
1368   100000   2
1369   2400000   12
1370   186000   2
1371   140000   2
1372   6000000   2
1373   4000000   2
1374   1801833600   56
1375   171472   2
1376   9940000   8
1377   4655088   8
1378   31103336   4
1379   542000   2
1380   8832572   10
1381   19747438   6
1382   2000000   2
1383   147140   4
1384   1015480   4
1385   10000000   6
1386   4000000   2
1387   1422852   2
1388   37338174   2
1389   600000   2
1390   4132178   2
1391   40000000   8
1392   600   6
1393   898272   4
1394   686578400   14
1395   600000   2
1396   2862880   2
1397   360000   4
1398   5702   2
1399   80400000   2
1400   972200   4
1401   855316000   18
1402   6140000   14
1403   2837372   2
1404   1000000   2
1405   24000000   2
1406   32060000   2
1407   66000000   30
1408   21756   4
1409   1000000   2
1410   100080   4
1411   2828240   4
1412   3143462   2
1413   7932692   36
1414   10006034   4
1415   20564886   2
1416   7510   2
1417   514880000   6
1418   6000000   2
1419   2000000   2
1420   3000   4
1421   16734902   6
1422   8748620   6
1423   3624986   4
1424   191992   2
1425   610376736   24
1426   50000000   2
1427   90400   706
1428   270256   4
1429   740000   4
1430   395574   22
1431   12270   2
1432   11766000   4
1433   5444350   4
1434   874540   2
1435   10000000   2
1436   7253750   8
1437   3200000   6
1438   105238236   4
1439   12247320   2
1440   7366676   4
1441   4826640000   100
1442   6054720   2
1443   149692   2
1444   9226600   4
1445   28329716   2
1446   250061200   8
1447   69601800   30
1448   220000   2
1449   19313716   6
1450   3497292   2
1451   10400000   20
1452   8579376   2
1453   394000000   10
1454   3133910   2
1455   80000   4
1456   40000   2
1457   314000   2
1458   2   2
1459   2260000   6
1460   1000000   2
1461   480000   6
1462   8648596   4
1463   4000000   2
1464   79560000   12
1465   1869066   4
1466   1011318   2
1467   1880000   4
1468   3300000   6
1469   2000000   4
1470   2000000   2
1471   22000000   6
1472   8020000   2
1473   168086   4
1474   20102872   8
1475   4000000   2
1476   77209828   8
1477   19600000   4
1478   8258560   4
1479   19999076   4
1480   2000000   2
1481   25977002   4
1482   2000512   4
1483   500000   4
1484   16340000   14
1485   400000   4
1486   50000000   10
1487   3025946   2
1488   4000000   4
1489   23940000   4
1490   5000000   10
1491   49668   2
1492   19500000   10
1493   400000000   4
1494   4810000   4
1495   16070000   2
1496   608102   2
1497   95740   4
1498   1682248   8
1499   38196   4
1500   2970576   2
1501   12067624   4
1502   6583920   4
1503   18608150   12
1504   60000000   2
1505   1706522000   172
1506   40000   2
1507   211096   2
1508   15002140   8
1509   56000000   6
1510   590900   2
1511   4520000   2
1512   20968270   6
1513   22982100   14
1514   2037836   4
1515   2   2
1516   1136730   2
1517   19692922   2
1518   340000   2
1519   2839824   6
1520   40000   2
1521   11290742   2
1522   8290076   2
1523   2   2
1524   1000000   2
1525   9536082   2
1526   92600000   4
1527   241200000   2
1528   1240000   2
1529   6000000   4
1530   140000000   4
1531   3251200   4
1532   211100000   8
1533   72045306   10
1534   4   4
1535   3677238   4
1536   1482652   2
1537   5057742   2
1538   23700000   18
1539   158257600   12
1540   442758   2
1541   32000000   4
1542   18482510   12
1543   859800   2
1544   16699400   2
1545   100000   2
1546   9000000   4
1547   9146118   2
1548   8900000   2
1549   175096   2
1550   1592876000   160
1551   1022132   4
1552   62252754   12
1553   1000000   2
1554   800200   4
1555   10000000   2
1556   2000   2
1557   11000000   6
1558   73340000   16
1559   115974038   6
1560   23252532   6
1561   54560000   2
1562   800000   4
1563   6121798   2
1564   7800000   8
1565   3600000   4
1566   101680   2
1567   200000   4
1568   21160000   2
1569   1248   2
1570   336000   4
1571   258778   4
1572   16560072   2
1573   60000   2
1574   22847494   2
1575   30000   2
1576   800000   2
1577   59336   4
1578   23362026   4
1579   28848   2
1580   3000000   2
1581   27534   2
1582   24800000   14
1583   98880   4
1584   16000000   18
1585   10205600   2
1586   36000000   2
1587   200   2
1588   100000   2
1589   11620002   12
1590   64080000   2
1591   5636   2
1592   1600000000   4
1593   8000000   4
1594   41760000   2
1595   4800000   12
1596   13320000   4
1597   3000000   2
1598   200000   2
1599   128640000   2
1600   51200000   2
1601   1801476   2
1602   1086044   6
1603   8143600   6
1604   24000   2
1605   26249960   6
1606   4220066   10
1607   7970800   2
1608   3985268   4
1609   6000000   4
1610   4400000   6
1611   5612706   4
1612   1000002   4
1613   2500000   2
1614   200000   2
1615   8104768   20
1616   17539706   4
1617   1617202   2
1618   53636   2
1619   1000000   6
1620   21000000   6
1621   960000   6
1622   16040000   2
1623   19880000   22
1624   6998000   8
1625   42000000   8
1626   263181600   70
1627   2160000   2
1628   16000000   4
1629   3784996   2
1630   1000000   2
1631   1406   2
1632   1400000   4
1633   5002000   20
1634   2014   4
1635   3000000   2
1636   1732   2
1637   10523824   4
1638   2400000   4
1639   261530242   6
1640   985414   12
1641   50000000   2
1642   33542000   10
1643   1460000   6
1644   30008   8
1645   1800000   2
1646   2212000   4
1647   1559694   2
1648   11564778   10
1649   20000000   2
1650   200   2
1651   6363912   2
1652   340000000   10
1653   200000   2
1654   3391716   2
1655   220000   2
1656   36000000   6
1657   52140000   4
1658   400   4
1659   82000   2
1660   84000   2
1661   2460000   6
1662   340000   2
1663   2010000   4
1664   14031764   8
1665   160860000   2
1666   3143356   4
1667   16426484   2
1668   1199352   4
1669   83976   2
1670   2000000   2
1671   899654   2
1672   14754734   4
1673   23387910   4
1674   1625664   2
1675   11440218   2
1676   682588   4
1677   280000   2
1678   600000   2
1679   3143984   2
1680   199622   4
1681   920000   6
1682   27904   4
1683   3304   2
1684   657708   2
1685   31639706   14
1686   2   2
1687   925330   2
1688   90000000   2
1689   2730868   2
1690   18206968   8
1691   80   2
1692   4000000   8
1693   4000000   4
1694   6400000   14
1695   18794550   4
1696   2   2
1697   12838000   2
1698   14000000   2
1699   4850004   2
1700   70158824   4
1701   2800000   4
1702   639231334   14
1703   33562000   6
1704   20000000   4
1705   10000000   2
1706   56777098   8
1707   1225370   2
1708   379637800   14
1709   18122344   6
1710   17539706   4
1711   1000000   2
1712   15964800   8
1713   13640000   8
1714   6029138   4
1715   800000   2
1716   7894534   2
1717   1800000   4
1718   940000   6
1719   1200000   4
1720   620060000   8
1721   32000000   6
1722   694318938   138
1723   800000   2
1724   116   2
1725   280000   2
1726   8628   2
1727   10000000   2
1728   100000   2
1729   24000000   4
1730   503438   4
1731   35079412   4
1732   791200   10
1733   6754000   4
1734   4987240   4
1735   1775452   4
1736   150040   8
1737   162531238   10
1738   10004   4
1739   12000000   14
1740   2022538   4
1741   8514   2
1742   1600000   2
1743   10516268   4
1744   114000000   18
1745   320000   2
1746   31229436   16
1747   218000000   10
1748   400000   2
1749   3929616   2
1750   5000000   2
1751   2000000   2
1752   20190708   4
1753   4000000   2
1754   1827400   2
1755   1400000   6
1756   47000000   2
1757   2000000   10
1758   43504108   4
1759   23710526   8
1760   55372   4
1761   540000   6
1762   3180544   2
1763   400000   2
1764   46098   6
1765   149821056   38
1766   27400000   6
1767   428884310   20
1768   80000   2
1769   47672   8
1770   15126810   6
1771   3953564   2
1772   1641238   6
1773   2502464   2
1774   14000000   6
1775   43196   2
1776   40003966   6
1777   48090000   2
1778   32000000   2
1779   200000   2
1780   6624578   2
1781   4077468   10
1782   1969482   2
1783   708   2
1784   1000000   2
1785   8276200   8
1786   19827668   4
1787   400000   2
1788   3806174   2
1789   7000000   16
1790   1612702   2
1791   32440000   2
1792   16160000   2
1793   1286102   4
1794   6420000   12
1795   180000   2
1796   1380   2
1797   9360818   2
1798   18766   2
1799   25686000   2
1800   37443024   2
1801   45200000   10
1802   6600000   2
1803   220000000   4
1804   6000000   2
1805   19046608   4
1806   12000000   2
1807   7000000   4
1808   7800000   2
1809   3015774   2
1810   40087132   6
1811   100000   2
1812   7656168   10
1813   3120000   12
1814   32160000   2
1815   360000   4
1816   7693024   4
1817   4380000   4
1818   11514356   2
1819   1602608   2
1820   5207862   2
1821   3839722   2
1822   728138   2
1823   286146   6
1824   44664600   32
1825   27220   2
1826   352506   2
1827   6000000   2
1828   22482888   6
1829   17580000   12
1830   4377110   10
1831   37372000   2
1832   4526902   2
1833   1204678   4
1834   148902   4
1835   15758556   6
1836   3916000   2
1837   39376   2
1838   287359600   14
1839   4988234   2
1840   909234   4
1841   16431942   8
1842   200000   2
1843   5884   2
1844   121272368   6
1845   77348464   8
1846   180299288   8
1847   1789050   4
1848   3880000   8
1849   1203218   8
1850   55861814   22
1851   4996116   2
1852   606656   2
1853   10523824   4
1854   4660000   4
1855   38909862   8
1856   15000000   10
1857   253191366   4
1858   8760000   2
1859   76358   4
1860   5800000   2
1861   16000000   2
1862   271048   8
1863   2138704   2
1864   10199880   2
1865   23912114   4
1866   10000   2
1867   3900000   2
1868   220000000   6
1869   10000000   2
1870   418928   2
1871   1400000   2
1872   7647934   2
1873   30300000   2
1874   6000000   4
1875   11236294   4
1876   2   2
1877   10594698   2
1878   16254822   2
1879   200   2
1880   46210186   10
1881   20000000   2
1882   1000000   2
1883   100000000   2
1884   13230   2
1885   400000   2
1886   42853912   10
1887   310000   4
1888   1275794   4
1889   260000   2
1890   106304   2
1891   6881244   2
1892   10160000   2
1893   22347230   2
1894   23400924   4
1895   40000000   4
1896   7126684   4
1897   66372704   4
1898   200   2
1899   10191554   10
1900   30680274   6
1901   748226   2
1902   4438834   2
1903   1639278   2
1904   688558000   76
1905   3467126   6
1906   31920000   8
1907   220000000   2
1908   359926   2
1909   14180000   6
1910   1450906   2
1911   200   2
1912   3000000000   6
1913   21600000   8
1914   21600002   18
1915   30000000   2
1916   12533948   2
1917   77968   2
1918   20000   2
1919   5261912   4
1920   886366200   28
1921   2000000   2
1922   920000   6
1923   80000000   6
1924   14939984   4
1925   310000   2
1926   4000000   2
1927   6407832   4
1928   8000000   2
1929   4545690   14
1930   10000000   2
1931   220000000   6
1932   44957148   24
1933   3819200   6
1934   2000000   2
1935   230000   4
1936   11394830   2
1937   4000000   2
1938   667352   10
1939   8776090   10
1940   2805388   2
1941   671260   4
1942   2523234   4
1943   1431180   2
1944   8000000   2
1945   4000   2
1946   320324594   16
1947   3380000   2
1948   10049504   2
1949   8996594   2
1950   263848   8
1951   1000000   2
1952   1353816000   52
1953   13437750   2
1954   180000   2
1955   216622   2
1956   8000000   2
1957   40000   4
1958   7313096   4
1959   17028956   2
1960   916304   6
1961   18191982   6
1962   10000000   2
1963   460000   8
1964   10000000   4
1965   18000000   2
1966   20000   2
1967   62280   8
1968   180112   8
1969   1845268   8664
1970   4200000   8
1971   25280   2
1972   22594   2
1973   146300   2
1974   2   2
1975   2000000   2
1976   4554434   10
1977   10000000   2
1978   160000   2
1979   4024480   2
1980   1322502   4
1981   11600000   8
1982   1218966   4
1983   3600000   2
1984   1500000   2
1985   3687028   4
1986   2000000   2
1987   2005940   2
1988   60000000   4
1989   828034400   8
1990   613326   2
1991   4   4
1992   44267708   22
1993   8000000   2
1994   40000000   4
1995   63302028   10
1996   799600   2
1997   3180000   12
1998   1264512   4
1999   6000000   2
2000   322400000   2
2001   58824   8
2002   2000000   2
2003   2031430   2
2004   1644400   2
2005   366214   6
2006   4000000   4
2007   317584   8
2008   400000   2
2009   6000000   6
2010   1240000   10
2011   13964608   4
2012   3207168   4
2013   1298400   12296
2014   72090000   2
2015   200000   2
2016   71128030   18
2017   2000000   2
2018   105238   4
2019   10016000   6
2020   7640204   18
2021   540000000   2
2022   400000   4
2023   12436096   4
2024   11815546   12
2025   7399000   4
2026   4   4
2027   3932506   4
2028   26000000   6
2029   22995480   6
2030   64572000   4
2031   920000   4
2032   3432776   4
2033   1084800   2
2034   400000   2
2035   128370   2
2036   43576800   2
2037   49628386   18
2038   2400000   8
2039   6000000   2
2040   7106950   6
2041   10002000   4
2042   3005376   6
2043   588004   10
2044   7842940   6
2045   2000000   4
2046   11000000   4
2047   6344244   2
2048   1628072   2
2049   8000000   4
2050   8000000   2
2051   37982   2
2052   10000000   6
2053   230000   4
2054   189802200   10
2055   720000   6
2056   120000   4
2057   21240000   8
2058   2000   2
2059   349282   4
2060   40000000   2
2061   226000000   4
2062   175660000   8
2063   248600   16
2064   8000000   6
2065   22000000   2
2066   175396   8
2067   4400000   2
2068   11438   4
2069   3790920   2
2070   9000000   10
2071   81376   4
2072   5502   2
2073   724888   2
2074   950462   2
2075   200   2
2076   2094672   6
2077   8570252   6
2078   3000000   2
2079   7400000   6
2080   337800   1804
2081   8349554   8
2082   6017570   6
2083   262500   2
2084   2   2
2085   31000000   8
2086   262147124   8
2087   2280000   8
2088   10000000   4
2089   2570000   4
2090   9619688   4
2091   2000000   4
2092   72904376   14
2093   13811876   14
2094   14026600   10
2095   2   2
2096   200000   2
2097   60000   2
2098   36000000   6
2099   49358416   10
2100   55012502   18
2101   14246480   6
2102   96800000   10
2103   227028   2
2104   600000   4
2105   260090   4
2106   1755136   2
2107   30238000   6
2108   8978   2
2109   240000   2
2110   2400000   6
2111   60038   2
2112   10000000   2
2113   20000000   2
2114   300000   2
2115   7340000   8
2116   654058   6
2117   10000000   2
2118   4   2
2119   144480550   2
2120   10000000   2
2121   1953916   2
2122   13000002   14
2123   2442602   2
2124   398000   2
2125   44165066   38
2126   320000   2
2127   2002002   6
2128   4200000   2
2129   867208   4
2130   2284806   6
2131   4400000   4
2132   40032000   2
2133   771292   2
2134   390000   2
2135   28862000   2
2136   2080104   4
2137   5540000   2
2138   4000000   2
2139   20000000   2
2140   12000000   2
2141   5607464   2
2142   1749002   6
2143   19951200   4
2144   4098058   4
2145   10866098   8
2146   17972522   4
2147   1640000   2
2148   33895580   4
2149   2840   4
2150   160000   2
2151   10000000   2
2152   43800000   4
2153   2780000   6
2154   199624000   18
2155   2   2
2156   324000000   34
2157   1192000   2
2158   179940868   6
2159   5690328   4
2160   39461736   6
2161   2000000   2
2162   899698   2
2163   40000000   2
2164   878041400   42
2165   81312   2
2166   9480308   10
2167   1629600   12
2168   602840000   6
2169   40273316   6
2170   55980000   12
2171   3008000   6
2172   40000000   2
2173   1005094   2
2174   2568782   2
2175   6400000   8
2176   5000000   2
2177   6859766   2
2178   32440000   2
2179   64756910   8
2180   1980044   6
2181   63101256   20
2182   2383496   34
2183   10320000   2
2184   5757318   2
2185   30334400   8
2186   9468696   10
2187   24680364   16
2188   2866800   4
2189   80200000   2
2190   2228956   2
2191   4000000   8
2192   3851070   10
2193   600000   2
2194   6600000   12
2195   14600000   4
2196   3929960   2
2197   19539706   6
2198   600000   6
2199   34536   2
2200   70000   2
2201   472   2
2202   25421112   6
2203   7363168   2
2204   34735822   14
2205   14469102   2
2206   888271118   18
2207   14334316   10
2208   1123690   2
2209   4457310   2
2210   132940   4
2211   2   2
2212   77174706   4
2213   3634022   4
2214   5000000   2
2215   44000000   4
2216   6400998   2
2217   20000   2
2218   7249192   4
2219   200000   2
2220   196000   2
2221   2000000   2
2222   11560000   2
2223   2000000   2
2224   240000   4
2225   2   2
2226   4774500   2
2227   1020000   2
2228   4000000   4
2229   2001238   4
2230   14926794   4
2231   9200680   4
2232   14617778   6
2233   1350000000   4
2234   2   2
2235   1200000   2
2236   1024322   6
2237   669600   4
2238   232988302   8
2239   600000   4
2240   39556   4
2241   10360878   6
2242   35724690   12
2243   4800000   2
2244   280030   2
2245   8000000   4
2246   1200022800   38
2247   30000000   4
2248   58400   2
2249   110862570   4
2250   879782   2
2251   1506574   4
2252   4002388   4
2253   4088318   2
2254   290000   2
2255   34995146   2
2256   20107000   8
2257   2   2
2258   41200000   6
2259   7600000   2
2260   6866072   2
2261   84447028   2
2262   2000000   2
2263   98740162   16
2264   2011914000   196
2265   5261912   4
2266   19599402   8
2267   9200000   6
2268   3000000   4
2269   99694336   2
2270   14900000   4
2271   60000   2
2272   2400000   4
2273   17588654   4
2274   5426   2
2275   11000000   10
2276   40000   2
2277   3868682   2
2278   68954040   28
2279   31593094   2
2280   200060000   2
2281   19217600   6
2282   6000000   2
2283   16574334   2
2284   664250   2
2285   10000000   2
2286   6363098200   94
2287   4000000   2
2288   391999800   12
2289   1400000   4
2290   50000000   6
2291   28256902   16
2292   823990   2
2293   59978000   4
2294   200000   2
2295   2711468   2
2296   2000000   2
2297   6800000   6
2298   1694260   26
2299   262830   2
2300   213542   2
2301   6000000   4
2302   11840000   16
2303   68556   2
2304   440000   4
2305   2000000   2
2306   3500522   2
2307   2560220   2
2308   27539706   8
2309   10000000   8
2310   644148   2
2311   265718   4
2312   18187380   2
2313   2160000   4
2314   1338600   6
2315   20000   2
2316   6000000   4
2317   16000000   4
2318   1594776   2
2319   5996000   8
2320   1347642000   132
2321   4000000   2
2322   14844   2
2323   10179276   8
2324   12100000   2
2325   346914   2
2326   80000   2
2327   63645904   2
2328   25019400   2
2329   6780000   6
2330   10004   4
2331   80350000   2
2332   6000   2
2333   3822120   18
2334   19776   4
2335   200   2
2336   3449068   2
2337   22801618   4
2338   73336   2
2339   120000000   8
2340   2202   2
2341   100000   4
2342   18369590   14
2343   31454662   4
2344   26376   2
2345   26284670   2
2346   118360074   2
2347   5294116   8
2348   51465656   4
2349   3781504   4
2350   49628330   2
2351   2206474   2
2352   1017312   2
2353   64418680   6
2354   31940146   2
2355   1348506   2
2356   8898   2
2357   250000   2
2358   10000000   2
2359   57996000   2
2360   200   2
2361   660000000   12
2362   1543920000   154
2363   4001294   4
2364   944278   2
2365   401876000   16
2366   20000000   4
2367   9037646   10
2368   197874   4
2369   380000   2
2370   29090   2
2371   2316388   2
2372   212848   16
2373   340000   2
2374   26000000   20
2375   200000   2
2376   74020800   2
2377   5519648   2
2378   12018362   6
2379   4111526   2
2380   77652   2
2381   2000   2
2382   5578302   2
2383   200000200   8
2384   1821824   2
2385   17539706   4
2386   24917570   4
2387   14669034   6
2388   19199312   2
2389   9992252   2
2390   54552844   2
2391   27980000   8
2392   8243046   4
2393   50400000   6
2394   20854000   2
2395   22378   8
2396   280000   2
2397   100000000   2
2398   16013730   12
2399   40235636   4
2400   1780924   2
2401   4176   2
2402   46300440   2
2403   1602334   6
2404   123834200   66
2405   80000   2
2406   5600000   2
2407   5601356   6
2408   5584104   4
2409   6892152   8
2410   27922   4
2411   220000000   8
2412   10000000   2
2413   906935048   2
2414   4723470   2
2415   5446478   2
2416   1774626   2
2417   34676186   2
2418   3680000   2
2419   207274   2
2420   79992   2
2421   42753158   8
2422   141720948   20
2423   27189830   12
2424   2   2
2425   10778028   10
2426   10800000   6
2427   29882294   8
2428   1000000   2
2429   15652470   4
2430   22000010   18
2431   161195062   4
2432   8132600   2
2433   5800000   4
2434   5168030600   116
2435   60155822   6
2436   12772   2
2437   145238236   8
2438   39592   8
2439   1000000   2
2440   240000   2
2441   15307000   6
2442   200   2
2443   922581126   34
2444   10523824   4
2445   8995882   10
2446   95200000   6
2447   14067600   6
2448   80000   2
2449   722   8
2450   16810028   8
2451   510404   2
2452   4000000   4
2453   60000000   2
2454   40000000   4
2455   12000000   2
2456   1800000   2
2457   105238236   4
2458   22847902   6
2459   5976000   6
2460   420000   2
2461   153410   2
2462   3000000   2
2463   200   2
2464   2854748   6
2465   11943996   10
2466   200000000   6
2467   3000000   2
2468   19686522   4
2469   591314   4
2470   2000000   2
2471   8000000   2
2472   941800   8
2473   305000   4
2474   755104   2
2475   3000000   4
2476   1815000   2
2477   13020000   6
2478   20881000   2
2479   505000000   4
2480   159000   2
2481   1182000   6
2482   76000000   12
2483   20492196   4
2484   1196382   2
2485   1447718   2
2486   15000000   6
2487   160000000   4
2488   1030926   2
2489   400000000   6
2490   18938000   6
2491   2000000   2
2492   2000000   2
2493   65676000   2
2494   11009322   154
2495   1812222   2
2496   9000000   6
2497   6860684   2
2498   1230000   4
2499   200   2
2500   5287902   6
2501   1152548   6
2502   3507224   4
2503   16090760   8
2504   1000000   4
2505   11002002   4
2506   3571366   6
2507   2980000   2
2508   78587352   6
2509   40000   2
2510   4111734   2
2511   400000   2
2512   401764400   42
2513   200   2
2514   260000   4
2515   500000   2
2516   149256   8
2517   220000000   2
2518   176278   2
2519   800000   2
2520   6083986   6
2521   225064   8
2522   2   2
2523   5119234   2
2524   103003912   8
2525   350794   4
2526   6000000   4
2527   5745014   16
2528   44560000   6
2529   2   2
2530   2085432   2
2531   20000000   4
2532   505716   2
2533   1839338   2
2534   32160000   2
2535   4000000   4
2536   1600552   4
2537   15000000   2
2538   4000000   2
2539   18681740   14
2540   7000000   4
2541   300006622   8
2542   2186200   10
2543   4440000   8
2544   247416000   2
2545   121200   4
2546   16639164   88
2547   23112174   4
2548   40190000   2
2549   1010000   2
2550   19600   102
2551   600   6
2552   6000000   6
2553   4432126   4
2554   16240000   2
2555   200000   2
2556   300000   2
2557   40000000   2
2558   10400000   52
2559   36964   2
2560   336000000   34
2561   8024136   2
2562   38536   2
2563   910868   4
2564   100000   2
2565   380000   2
2566   24057170   2
2567   5000000   4
2568   49644986522   108
2569   3000000   16
2570   18325124   4
2571   78000000   2
2572   24400000   14
2573   1074832   2
2574   20000000   2
2575   24110000   2
2576   17554526   4
2577   420000   2
2578   18900000   10
2579   90400000   14
2580   6000000   6
2581   1399340800   72
2582   3153482   2
2583   4000000   2
2584   1656926   2
2585   14018740   2
2586   19160000   4
2587   4699182   4
2588   46256000   16
2589   3834102   2
2590   4325116   2
2591   149347642   24
2592   3340000   8
2593   98000   2
2594   9552084   2
2595   20000000   2
2596   22000000   2
2597   16180000   2
2598   355074   2
2599   14800000   12
2600   7157202   2
2601   2013292   4
2602   14000000   8
2603   98896   4
2604   2560000   4
2605   2063350   2
2606   3629564   8
2607   890214   2
2608   6356550   4
2609   72241956   18
2610   560000   4
2611   8489000   16
2612   11680508   4
2613   58062990   14
2614   1800000   2
2615   2000000   2
2616   60883528   8
2617   7107942   10
2618   99820000   10
2619   144626   4
2620   26   2
2621   11462244   4
2622   1937292   4
2623   71034476   6
2624   2200   4
2625   831778   2
2626   10000000   2
2627   219400000   26
2628   492220   4
2629   3600000   4
2630   2000000   2
2631   91328806   40
2632   5000000   6
2633   20000000   2
2634   116000000   2
2635   160000   2
2636   142000   2
2637   100000   2
2638   20000   2
2639   2000000   2
2640   535208   858
2641   354119434   218
2642   80   2
2643   4380000   2
2644   28847488   14
2645   40000   2
2646   1000000   2
2647   123215322   8
2648   164272   2
2649   5200000   12
2650   15600000   4
2651   116000000   2
2652   8612000   4
2653   2400000   4
2654   220000000   2
2655   2099226   2
2656   33642000   2
2657   31478824   22
2658   400   2
2659   36400000   4
2660   800000   4
2661   2124   4
2662   37638844   12
2663   2008152   4
2664   1226650   4
2665   875444   2
2666   18098   4
2667   299980400   8
2668   74690214   22
2669   9348200   4
2670   100000000   4
2671   6000000   2
2672   371450400   56
2673   455596   2
2674   2560000   4
2675   8139492   6
2676   2394398   2
2677   98000   2
2678   19304054   4
2679   231998000   24
2680   722674376   2
2681   200   2
2682   2200000   2
2683   6403132   6
2684   2600000   2
2685   350794   4
2686   200000000   2
2687   4494890   4
2688   2840000   2
2689   10802000   16
2690   12204   2
2691   4000000   2
2692   3371522   2
2693   44200000   4
2694   89035000   16
2695   200000   2
2696   5026600   4
2697   33512   8
2698   200000   2
2699   836   6
2700   21419126   4
2701   9114294   10
2702   2000000   2
2703   23816000   18
2704   210160   6
2705   556000   2
2706   13000000   2
2707   9200000   4
2708   14000000   2
2709   860000   4
2710   36500828   6
2711   120000200   6
2712   572420   4
2713   554848   2
2714   358600   1092
2715   4842452   6
2716   240000000   4
2717   100000   2
2718   4612120   2
2719   308720000   4
2720   3500000   2
2721   80970000   4
2722   14186008   2
2723   9200000   6
2724   10000000   2
2725   10525150   4
2726   6361926   4
2727   7667600   8
2728   4609930   10
2729   13400000   2
2730   2400000   6
2731   88880000   2
2732   400000   4
2733   2   2
2734   800000   4
2735   12368128   2
2736   13925044   2
2737   2   2
2738   200   2
2739   120000   2
2740   6   2
2741   7998000   4
2742   3198000   8
2743   121838   2
2744   87991990   14
2745   6699300   2
2746   58000   2
2747   2000000   2
2748   1390000   2
2749   52926000   4
2750   2034878   2
2751   3833600   2
2752   3200000   6
2753   1000000   2
2754   2000000   2
2755   10162000   108
2756   1220000   8
2757   21154   2
2758   21000000   2
2759   4029480   6
2760   10008000   6
2761   2000000   2
2762   1700922   2
2763   4   4
2764   2   2
2765   60000   4
2766   4020000   6
2767   6614376   2
2768   4260186   6
2769   1000000   2
2770   42019724   4
2771   12000000   2
2772   761372   2
2773   1151926   2
2774   27230082   2
2775   1600000   2
2776   32000000   2
2777   10976026   6
2778   46028146   8
2779   4000000   4
2780   13406104   2
2781   7834040   2
2782   5200000   2
2783   18000000   2
2784   2351610   2
2785   2277252   4
2786   2164766   10
2787   45798800   2
2788   883274   2
2789   11588050   2
2790   21000000   10
2791   1036014   2
2792   8000   2
2793   15706000   22
2794   20004464   6
2795   8000000   2
2796   278560000   72
2797   33335484   4
2798   7208562   2
2799   7330   2
2800   22424156   2
2801   6248638   2
2802   3200000   6
2803   10706000   2
2804   35786   2
2805   784000   2
2806   59918   2
2807   87698530   4
2808   4742572   2
2809   488330492   80
2810   3646544   2
2811   13052094   4
2812   2200600   4
2813   191936   2
2814   216010   2
2815   1620000   2
2816   4000   2
2817   10826702   8
2818   2440000   8
2819   2600000   4
2820   20000000   2
2821   10420400   2
2822   6   6
2823   10558286   2
2824   110000000   2
2825   2000000   2
2826   13160388   2
2827   1000000   6
2828   464   2
2829   14031766   6
2830   244540   2
2831   129180   2
2832   220000   2
2833   20000   2
2834   2262526   2
2835   2000   2
2836   3327854   6
2837   36978174   6
2838   2087000   2
2839   6000000   2
2840   398750   4
2841   100000000   2
2842   277000000   26
2843   16364716   12
2844   3494528   2
2845   100000   2
2846   1800000   2
2847   13824   2
2848   10000000   2
2849   3520126   2
2850   17000   80
2851   2588426   2
2852   390000000   6
2853   4000000   6
2854   420000   2
2855   80000   2
2856   4   4
2857   10000000   2
2858   190638   2
2859   106490000   4
2860   60000   2
2861   1402000   2
2862   602270   6
2863   5569460   4
2864   216794   2
2865   801738000   80
2866   2000000   2
2867   220000   2
2868   20250000   2
2869   2085388   4
2870   20000000   2
2871   24290000   2
2872   26112932   6
2873   100000   2
2874   90334   2
2875   21680000   2
2876   69600000   18
2877   3000000   2
2878   22009176   2
2879   3135650   2
2880   44000000   2
2881   48000   2
2882   17434958   6
2883   1050900   2
2884   12838000   2
2885   2336312   2
2886   100000   2
2887   4000000   4
2888   1000000   4
2889   1487136   2
2890   321190000   2
2891   37234912   4
2892   520000   2
2893   660066   2
2894   10196370   4
2895   466000   10
2896   4185068   2
2897   5595648   10
2898   131077544   2
2899   2000000   2
2900   8679000   2
2901   699248   2
2902   2200000   4
2903   9899254   6
2904   27000000   10
2905   30000000   2
2906   2   2
2907   3848400   2
2908   19614960   4
2909   400000   4
2910   7733936   2
2911   9800000   6
2912   5771978   4
2913   1056000000   22
2914   24817498   8
2915   60000   2
2916   1920000   2
2917   13400000   6
2918   1902422   16
2919   190000   2
2920   26000000   2
2921   30000000   10
2922   2368200   8
2923   28926054   2
2924   1000000   2
2925   4500000   4
2926   81190932   8
2927   3340000   2
2928   7400000   2
2929   1476028   1386
2930   14000000   10
2931   129440000   2
2932   1078000000   12
2933   1000002   6
2934   337598   2
2935   60000   2
2936   401322   2
2937   6920000   10
2938   227274   2
2939   52000000   2
2940   8000000   8
2941   33250600   6
2942   120000000   12
2943   2288920   2
2944   113540000   2
2945   6974   4
2946   200703200   10
2947   2876002   4
2948   1400000   2
2949   50000000   2
2950   16000000   4
2951   20000000   4
2952   100885638   34
2953   12000000   6
2954   289688332   46
2955   7242544   6
2956   1446224   4
2957   272674   2
2958   800000   2
2959   35420000   14
2960   2832728   2
2961   22392160   2
2962   106356   4
2963   1989000   2
2964   2000000   10
2965   100000   2
2966   7987194   2
2967   120000   2
2968   220000   2
2969   4693946   6
2970   4040000   8
2971   10615716   4
2972   2114738   2
2973   20000000   10
2974   1849020   6
2975   26765134   6
2976   4588844   2
2977   8000000   8
2978   3838400   4
2979   1400000   4
2980   8383242   6
2981   48000000   10
2982   220000000   2
2983   57718   2
2984   10295184   14
2985   4766244   8
2986   795740   2
2987   57000000   8
2988   240   2
2989   8626000   22
2990   6000000   12
2991   1002   2
2992   2580544   4
2993   12004000   8
2994   2425134   2
2995   103040   6
2996   118698   4
2997   90000000   4
2998   2855262   2
2999   229204   2
3000   1236202762   18
3001   1836712000   180
3002   68998996   10
3003   12000000   4
3004   14545968   6
3005   2000000   2
3006   1392   2
3007   9636200   28
3008   20000000   2
3009   32196   2
3010   5798908   4
3011   2000000   2
3012   101000   2
3013   17761400   14
3014   1312488   2
3015   296493298   6
3016   20000000   2
3017   13634196   6
3018   2004000   4
3019   15760524   12
3020   285498800   60
3021   70000000   4
3022   244596   2
3023   60000   2
3024   548682   4
3025   1328944   2
3026   7024   2
3027   584   2
3028   40351262   6
3029   96480000   2
3030   1960000   4
3031   781180000   8
3032   2400000   6
3033   2227586   4
3034   198000000   20
3035   5097236   6
3036   4200000   4
3037   1292848   2
3038   10000000   2
3039   7200000   8
3040   4364   2
3041   8020000   10
3042   46982   2
3043   32400000   2
3044   2280000   6
3045   1600274   2
3046   5000000   2
3047   92200   2
3048   202   4
3049   6121442   8
3050   14000000   6
3051   1224812   4
3052   10088554   2
3053   1000000   6
3054   1976   4
3055   376889906   14
3056   1002   2
3057   1169416   2
3058   8798124   4
3059   39211474   8
3060   408090   2
3061   24164736   8
3062   17160000   6
3063   17932390   2
3064   85311822   6
3065   100200000   4
3066   52492000   22
3067   304630   2
3068   904936   6
3069   30000000   2
3070   22349338   4
3071   551000   1048
3072   80000000   2
3073   2924   2
3074   376456   2
3075   13062820   2
3076   14000000   4
3077   80000   2
3078   6780000   4
3079   500000   2
3080   16800000   4
3081   55395008   6
3082   14000000   8
3083   10000000   2
3084   568478   2
3085   58735790   12
3086   80000   2
3087   26206164   2
3088   2400000   6
3089   100000   2
3090   33464000   4
3091   16200000   4
3092   14031764   4
3093   12935778   4
3094   32200000   2
3095   139176   2
3096   3507942   4
3097   60000000   2
3098   1480000   2
3099   900000   6
3100   3166656   6
3101   24000000   6
3102   25500000   12
3103   20958   2
3104   22000000   10
3105   9858346   2
3106   5570   2
3107   30460944   4
3108   5226   2
3109   284927898   36
3110   4022028   2
3111   12573000   4
3112   20000000   2
3113   20738   2
3114   200   2
3115   138708   4
3116   36675142   6
3117   4422540   2
3118   254600   2
3119   2000000   2
3120   1812370   4
3121   6909400   2
3122   40024   4
3123   71647754   28
3124   871778   4
3125   2000000   4
3126   19999600   2
3127   5600000   4
3128   33846   2
3129   15333968   2
3130   1359732   8
3131   300000   2
3132   5226604   2
3133   60968704   2
3134   9510934   4
3135   108670018   6
3136   657424   2
3137   180000000   2
3138   200   2
3139   6000000   6
3140   4755822   6
3141   10000000   2
3142   5360000   2
3143   9649152   8
3144   7007224   4
3145   10000000   2
3146   10024126   2
3147   1980562   2
3148   6880000   4
3149   11048198   4
3150   2800000   4
3151   390000000   74
3152   15849958   2
3153   200000   2
3154   14111580   2
3155   5377126   2
3156   20199524   6
3157   15360000   12
3158   36728   2
3159   11806372   8
3160   2737018   2
3161   1080000   2
3162   23719440   16
3163   10434428   6
3164   2   2
3165   38248992   14
3166   280000   2
3167   18002   2
3168   2000000   2
3169   340000   2
3170   17539710   8
3171   11600000   6
3172   20000000   2
3173   10000000   2
3174   100000   2
3175   200   2
3176   2000000   2
3177   200   2
3178   3255606   2
3179   22456000   2
3180   52619118   4
3181   1970200   2
3182   312832   4
3183   1800000   2
3184   326720   2
3185   359200000   8
3186   39562   4
3187   5424638   2
3188   35079412   4
3189   7200000   4
3190   12200000   4
3191   5854930   2
3192   7740548   4
3193   1514862000   158
3194   820000   4
3195   600000   4
3196   51094664   4
3197   52723364   2
3198   2000000   4
3199   60600   2
3200   200000   2
3201   11009756   4
3202   200000000   12
3203   6000000   6
3204   2811602   4
3205   12838000   2
3206   22000000   4
3207   60026768   10
3208   200   2
3209   80585758   6
3210   226312   2
3211   1232800   2
3212   4000000   2
3213   1620000   2
3214   2400000   4
3215   29326890   2
3216   4019626   2
3217   400000   2
3218   280000   4
3219   88870246   10
3220   6292242   2
3221   1880000   6
3222   791584   4
3223   25545148   6
3224   10447182   18
3225   159100000   8
3226   26000000   2
3227   420000   4
3228   1823718   2
3229   231000000   16
3230   1697454   4
3231   54000000   6
3232   74273112   6
3233   534370   2
3234   2   2
3235   253715858   10
3236   139600000   6
3237   1648172   2
3238   2530816   2
3239   1178000   4
3240   195962   2
3241   50866   2
3242   1277078   4
3243   300000   2
3244   2997916   2
3245   1953046   2
3246   1600   16
3247   28624   8
3248   218000000   10
3249   6369266   4
3250   20000000   2
3251   7600000   2
3252   58384046   22
3253   2000000   2
3254   52500   2
3255   10101366   4
3256   69600000   6
3257   4000000   4
3258   35814504   2
3259   4609238   4
3260   4518872   2
3261   2872   2
3262   3470488   2
3263   24789864   2
3264   19838950800   28
3265   7363394   8
3266   1038152000   122
3267   26760000   4
3268   10878736   2
3269   7906530   2
3270   28099182   2
3271   37599928   2
3272   1000000   2
3273   9973444   8
3274   320000   2
3275   6000000   2
3276   46831902   6
3277   19215882   10
3278   562402202   18
3279   120000   2
3280   140000   4
3281   25951868   8
3282   266186   2
3283   383200000   40
3284   40000   2
3285   120000000   2
3286   3000000   6
3287   19296000   2
3288   2000000   2
3289   846232830   24
3290   70000   4
3291   249600000   6
3292   19776   4
3293   27980000   10
3294   2000000   4
3295   220000000   8
3296   1300000   2
3297   684   2
3298   2178230   2
3299   5709334   2
3300   2   2
3301   1220   2
3302   6600000   6
3303   35340000   8
3304   3474108   18
3305   800000   2
3306   2062892   2
3307   514000   4
3308   90742   2
3309   1187594   2
3310   100000   2
3311   137549074   4
3312   760256   2
3313   240000   2
3314   6133266   2
3315   3495528   8
3316   26929500   2
3317   220000   4
3318   4000000   2
3319   3515680   2
3320   1558458   2
3321   291960000   4
3322   11015644   2
3323   42960000   2
3324   623334   2
3325   2000000   2
3326   100000000   2
3327   6800000   4
3328   180000   2
3329   56900000   2
3330   423800   6
3331   80400000   2
3332   4000000   2
3333   23427746   2
3334   13903274   6
3335   4266000   4
3336   7049462   4
3337   1000000   2
3338   10000000   2
3339   19999000   2
3340   4624284   10
3341   2928692   4
3342   400000   2
3343   107448   4
3344   154568864   16
3345   70000000   4
3346   200000   2
3347   500000   4
3348   63602630   12
3349   71400000   2
3350   1727592   8
3351   212695460   4
3352   1200000   2
3353   3800000   2
3354   1913574   2
3355   28188902   8
3356   2912016   2
3357   3200000   4
3358   140000   2
3359   1040000   4
3360   3943228   2
3361   320000   2
3362   275772   2
3363   10800000   2
3364   220000000   2
3365   33587002   10
3366   51798000   10
3367   20257662   8
3368   3119858   2
3369   2   2
3370   2018   2
3371   15300000   2
3372   1200000   2
3373   200   2
3374   1374790   4
3375   16000000   8
3376   400000   2
3377   22000000   2
3378   64000000   2
3379   1599868   10
3380   268314   2
3381   20333946   4
3382   4665290   2
3383   1354000000   36
3384   82537804   8
3385   1132520   8
3386   1354106   2
3387   2400000   4
3388   500000   2
3389   15734976360   3496
3390   427800000   20
3391   16892   2
3392   400000000   10
3393   112714   2
3394   24000000   6
3395   14800000   2
3396   8000000   8
3397   8000000   2
3398   79320000   4
3399   1960000   10
3400   40000000   4
3401   12931054   4
3402   206724   2
3403   26670040   6
3404   5253788   2
3405   1211438   4
3406   1020000   6
3407   5800000   2
3408   36816100   14
3409   38178914   10
3410   6200000   6
3411   1315838   4
3412   155240044   8
3413   340000   4
3414   2093132   2
3415   200   2
3416   1472418   16
3417   96583800   32
3418   1000000   2
3419   33681666   4
3420   1632000000   40
3421   10100000   6
3422   9024938   4
3423   34712466   4
3424   14656348   2
3425   72000000   2
3426   1390828   6
3427   2   2
3428   20000000   4
3429   430832100   8
3430   4232514   2
3431   200000   4
3432   6800000   2
3433   22360002   14
3434   960000   2
3435   4203362   2
3436   100000   2
3437   155178   4
3438   1000000   2
3439   804232   4
3440   13462694   10
3441   29002208   4
3442   126784442   40
3443   55522   2
3444   22040400   4
3445   160000000   16
3446   4621414   8
3447   2249236   6
3448   27187302   2
3449   575472   2
3450   9790864   6
3451   94588788   18
3452   310000   2
3453   210200000   6
3454   646424   2
3455   322956   2
3456   43906   2
3457   1010000   2
3458   60000000   4
3459   1000000   8
3460   960000   2
3461   2000002   4
3462   18500438   18
3463   380000   46
3464   2000000   2
3465   2000000   2
3466   393646   2
3467   15004000   18
3468   36628660   14
3469   82600000   8
3470   2   2
3471   2548466   2
3472   1000000   2
3473   6400000   16
3474   529000000   6
3475   10000000   2
3476   14423856   4
3477   210864   2
3478   14000000   2
3479   134988000   4
3480   2349660   2
3481   32340850   6
3482   29900012   6
3483   12000000   6
3484   7487292   8
3485   40000000   2
3486   518178   2
3487   19772   4
3488   1588782   2
3489   250000   2
3490   2209460   2
3491   11942096   2
3492   56400000   4
3493   367388984   6
3494   27900000   10
3495   500000   4
3496   11595308   2
3497   7593586   4
3498   102081754   6
3499   1753970   4
3500   710042   4584
3501   66341232   12
3502   8817856   4
3503   2020000   4
3504   61702000   2
3505   200000   2
3506   120000000   18
3507   105238236   4
3508   8000000   8
3509   200000000   2
3510   2493160   2
3511   126157692   18
3512   1093968000   102
3513   60000   2
3514   11800000   2
3515   71664   2
3516   5878256   6
3517   768584   2
3518   10000000   2
3519   19157222   2
3520   13000000   6
3521   577600   2
3522   4381506   10
3523   20000   2
3524   426166   2
3525   2773328   6
3526   1053332   2
3527   62779134   22
3528   9199490   6
3529   1261876   2
3530   35570516   4
3531   336000000   34
3532   6028316   6
3533   3600000   2
3534   52600002   4
3535   30020000   12
3536   1000000   2
3537   158000000   10
3538   20000000   2
3539   360000   2
3540   1051942   2
3541   6903384   4
3542   423544   2
3543   30000   2
3544   4342762   6
3545   51060000   2
3546   19364308   6
3547   1384000   4
3548   23120148   2
3549   44000000   4
3550   4820288   2
3551   2494   2
3552   20000   2
3553   10000000   2
3554   220000000   2
3555   3400000   2
3556   28000   2
3557   1300000   10
3558   2000000   4
3559   22275068   2
3560   81728   8
3561   4095614   2
3562   3600000   4
3563   20028954   6
3564   1000000   2
3565   2000000   2
3566   604800   2
3567   1070780   2
3568   9004918   4
3569   6000000   2
3570   7083528   4
3571   1000000   2
3572   1282000   2
3573   2875445000   84
3574   260079440   4
3575   61288   2
3576   4085602   4
3577   2336186   2
3578   10368400   8
3579   7339488   2
3580   8220974   6
3581   846246   2
3582   408   2
3583   98000000   2
3584   87280000   8
3585   450216   2
3586   200   2
3587   400000   4
3588   10000000   2
3589   400000   2
3590   1000000   2
3591   151400000   30
3592   3172196   2
3593   7995400   2
3594   129934398   4
3595   320000   4
3596   600000   4
3597   810344498   6
3598   231144   2
3599   14000000   8
3600   20002120   2
3601   20000000   2
3602   403200000   40
3603   299600   6
3604   2020000   4
3605   21732148   6
3606   589694000   12
3607   21500000   8
3608   8000000   2
3609   3048000   8
3610   13864   8
3611   46698   2
3612   200   2
3613   1318000   2
3614   100   2
3615   100000   2
3616   160000   4
3617   4145292   2
3618   83748   2
3619   20000000   8
3620   18718   2
3621   11454172   6
3622   7400000   4
3623   91999000   20
3624   34713768   4
3625   1239400   2
3626   20894000   2
3627   2624328   6
3628   454960   2
3629   2000000   2
3630   1980000   10
3631   9300000   8
3632   9525836   6
3633   51884822   6
3634   500000   2
3635   197829996   18
3636   90907600   2
3637   75400000   12
3638   9908280   8
3639   1000000   2
3640   1316   2
3641   5261912   4
3642   400000   2
3643   7038244   6
3644   927528   4
3645   15994956   4
3646   12000000   4
3647   297914   4
3648   20221562   2
3649   24469718   4
3650   2615816   2
3651   695688   4
3652   82216   2
3653   32000000   4
3654   400000   2
3655   75080   8
3656   7360000   4
3657   640000000   4
3658   260000   2
3659   219556   2
3660   9000000   4
3661   200000   2
3662   2200000   4
3663   1068738   12
3664   1400000   2
3665   2000   2
3666   71845528   18
3667   2100000   4
3668   199803600   6
3669   600000   2
3670   2946000   6
3671   2269416   2
3672   1049154   2
3673   220000000   6
3674   1498174   4
3675   27638804   2
3676   8200   24
3677   1022966   2
3678   191064   4
3679   13380   942
3680   2414838   4
3681   24060000   2
3682   1263802   2
3683   3708600   2
3684   140200   1006
3685   300000   2
3686   24419840   4
3687   4000000   4
3688   38819730   12
3689   2000000   6
3690   1936438   2
3691   105238234   8
3692   4000000   2
3693   4400000   8
3694   250357458   2
3695   1000000   2
3696   50000000   12
3697   460000   2
3698   605188   2
3699   2000   2
3700   547560000   82
3701   400000   4
3702   3680000   2
3703   524336   2
3704   40000000   2
3705   160000   2
3706   106017432   8
3707   49876   2
3708   6000000   2
3709   60000   2
3710   19915362   4
3711   3909870   2
3712   100000   2
3713   24836064   18
3714   3020000   2
3715   40000000   10
3716   8888   2
3717   2600000   2
3718   25000000   6
3719   3780000   6
3720   34800000   10
3721   3204422   6
3722   4000000   2
3723   62000000   6
3724   14334972   6
3725   80400000   2
3726   21980000   8
3727   20083274   8
3728   21200000   6
3729   1399800000   64
3730   1000000   2
3731   34000000   2
3732   18166   2
3733   3495114   36
3734   485000   6
3735   17539708   6
3736   30074418   2
3737   6770184   6
3738   4105790   6
3739   20114676   2
3740   2719534   2
3741   1900000   4
3742   1287720   4
3743   1300000   2
3744   4309584   2
3745   6281700   2
3746   42005740   10
3747   2   2
3748   7000000   8
3749   160000000   10
3750   19600000   2
3751   3293922   2
3752   50000000   26
3753   3528670   8
3754   138504014   12
3755   6804198   4
3756   2987538   6
3757   65592   8
3758   74000000   4
3759   61375560   6
3760   2509084   4
3761   4060000   2
3762   2018204   8
3763   7346944   2
3764   10499214   8
3765   17400000   2
3766   5600000   2
3767   3538   2
3768   173942156   6
3769   294800   2
3770   5738000   2
3771   400000   2
3772   2000000   4
3773   4904688   6
3774   1382964   2
3775   200000000   2
3776   5142514   2
3777   13566374   2
3778   5899000   4
3779   200000000   2
3780   7000000   2
3781   580000   6
3782   14200000   6
3783   375790   2
3784   3494876   2
3785   69076   2
3786   11000000   6
3787   279200000   22
3788   644760   2
3789   28921686   14
3790   610000000   34
3791   120002400   2
3792   78392   8
3793   1707458   2
3794   5066   4
3795   7800802   4
3796   120000   2
3797   29376840   2
3798   1960000   16
3799   15000   2
3800   22000000   4
3801   19262000   2
3802   2002066   12
3803   78178   2
3804   449770814   20
3805   2   2
3806   3291548   10
3807   2200000   2
3808   896034200   42
3809   283200000   22
3810   10400392   2
3811   81294000   2
3812   1920000   2
3813   1177112   12
3814   1002802   2
3815   559796800   42
3816   1125590   10
3817   1000   2
3818   2208034   6
3819   3162000   6
3820   11924   2
3821   80000000   2
3822   225400000   4
3823   4208202   4
3824   1665430   2
3825   1207214   2
3826   200   2
3827   40000000   2
3828   26100000   16
3829   3000000   4
3830   13908   2
3831   1291216   4
3832   1750906   8
3833   424000000   2
3834   27309694   6
3835   38000662   4
3836   2061584   4
3837   15612536   16
3838   11057600   18
3839   20000000   2
3840   23000000   4
3841   548994   2
3842   200000   2
3843   48161800   8
3844   34085098   2
3845   1228622   11714
3846   1600000   2
3847   9104922   4
3848   122617868   4
3849   952800   2
3850   12440   2
3851   6000000   4
3852   5189506   2
3853   22118936   4
3854   2000542   4
3855   1216546000   130
3856   16966440   2
3857   11139274   8
3858   40916856   10
3859   46000000   4
3860   3200000   4
3861   7156   2
3862   6654594   6
3863   2400000   6
3864   1976   4
3865   1100000   6
3866   4426000   2
3867   80000000   2
3868   4000000   2
3869   1097616   2
3870   32600000   10
3871   1700000   2
3872   30000000   4
3873   31943742   14
3874   12254816   4
3875   2000000   2
3876   24780000   2
3877   45840000   6
3878   2000000   2
3879   100000   10
3880   4857452   6
3881   380000   2
3882   31432518   270
3883   20000000   2
3884   400000000   2
3885   140000   2
3886   8030000   2
3887   210000   2
3888   5518   2
3889   2000000   2
3890   6000000   2
3891   3641010   2
3892   3179072   8
3893   48150000   2
3894   20052000   4
3895   80222   2
3896   42071824   4
3897   760000   2
3898   200   2
3899   3800000   2
3900   25906002   2
3901   9790670   6
3902   191560000   6
3903   380000   2
3904   9540000   20
3905   22590202   4
3906   2091774   4
3907   18000000   4
3908   76500   2
3909   20544000   10
3910   128304   4
3911   19378748   4
3912   5249926   2
3913   280000   2
3914   21800000   12
3915   8162852   4
3916   6400000   12
3917   20360000   8
3918   111498   8
3919   15634   2
3920   384792   2
3921   20000   2
3922   3051030   2
3923   3400000   8
3924   337470000   2
3925   180000   6
3926   2137386   2
3927   220000000   8
3928   60002000   4
3929   300000   2
3930   84000000   2
3931   6000000   6
3932   10373940   22
3933   11065400   4
3934   16050000   2
3935   4800000   4
3936   938956   2
3937   2400000   2
3938   204218   4
3939   373380000   12
3940   41647474   2
3941   24000000   2
3942   2025960   2
3943   2   2
3944   1000000   4
3945   17505450   10
3946   2015730   2
3947   6372372   4
3948   52095316   14
3949   40000000   2
3950   3045841830   24
3951   980000   2
3952   1940000   4
3953   1953009834   24
3954   88000   2
3955   10000000   4
3956   1600000   2
3957   10000000   2
3958   4480106   2
3959   4000000   4
3960   2743950   2
3961   580000   4
3962   53342050   20
3963   10000000   2
3964   20000000   2
3965   2000000   2
3966   1098   2
3967   30000000   2
3968   2604620   14
3969   60000   2
3970   200000   2
3971   102878994   4
3972   21918   2
3973   58000000   6
3974   64768   2
3975   4088876   2
3976   22681244   6
3977   1115735016   48
3978   854794   2
3979   18280000   8
3980   795638   2
3981   1300000   2
3982   11687398   4
3983   4882800   2
3984   7800000   2
3985   4000000   2
3986   461770   4
3987   800   8
3988   31946720   6
3989   200   2
3990   75996800   6
3991   5995600   6
3992   17600000   2
3993   6000000   6
3994   101090   2
3995   753058   2
3996   36624400   6
3997   4103794   2
3998   22482   2
3999   220000   2
4000   15042000   4
4001   121804116   12
4002   47370484   4
4003   4800000   6
4004   114370   2
4005   4228566   4
4006   330946   102
4007   6000000   2
4008   280000   4
4009   8528284   28
4010   3903100   6
4011   54267598   12
4012   58696   2
4013   57996000   2
4014   160000   2
4015   80200000   2
4016   328044000   10
4017   800000   4
4018   7153000   6
4019   300000   2
4020   1800000   2
4021   16731866   10
4022   1000000   2
4023   200000   2
4024   9600000   10
4025   271760000   68
4026   34000000   8
4027   16327512   2
4028   1200000   2
4029   1677244   6
4030   1250410   4
4031   10357800   22
4032   4000000   8
4033   1961800   2
4034   5000000   2
4035   34793636   2
4036   42000000   4
4037   2014490000   202
4038   270000   2
4039   6000000   2
4040   340000   2
4041   10000000   2
4042   4000000   6
4043   200   2
4044   1753970   4
4045   340000   4
4046   8000000   4
4047   5928154   2
4048   16582400   10
4049   6186902600   114
4050   1836928   2
4051   38980000   4
4052   2302272   2
4053   2060000   4
4054   3260000   6
4055   390800   12
4056   310000   2
4057   2305634   2
4058   600000   6
4059   3548166   2
4060   3677924786   538
4061   31065400   8
4062   2   2
4063   53618000   12
4064   38597942   8
4065   2076678   2
4066   105238236   4
4067   5116028   12
4068   7580000   8
4069   120000   2
4070   2840000   6
4071   61292   2
4072   9600728   4
4073   580000   2
4074   6000004   6
4075   720000   4
4076   7518   2
4077   37360000   6
4078   20000000   2
4079   3720792   4
4080   6000000   2
4081   85756662   8
4082   60000   2
4083   128000000   2
4084   2240000   2
4085   55567082   16
4086   33015730   8
4087   2055506   2
4088   440000000   6
4089   19942   2
4090   1005558   2
4091   2   2
4092   52200000   16
4093   23800   2
4094   20000200   4
4095   984740   2
4096   3400000   8
4097   680000   2
4098   24465874   4
4099   130248000   2
4100   9800000   20
4101   199803800   10
4102   20000000   2
4103   740746   2
4104   179904492   12
4105   9269600   4
4106   7000000   4
4107   1308000   8
4108   49496600   8
4109   14008   4
4110   200   2
4111   2978444   10
4112   9831342   8
4113   116121882   2
4114   3341880   12
4115   80900000   2
4116   200   2
4117   1828000   2
4118   1809200   2
4119   21360000   2
4120   50000   2
4121   152800362   2
4122   175388   2
4123   10793706   2
4124   25388186   2
4125   4944974   4
4126   1600000   6
4127   160000   2
4128   480000200   8
4129   20471758   6
4130   200000   2
4131   4124794   4
4132   211651886   20
4133   45578084   2
4134   2000000   4
4135   200000   2
4136   204000   2
4137   1800000   2
4138   30000000   6
4139   26682892   20
4140   7176374   2
4141   7000000   2
4142   28300100   4
4143   5789822   6
4144   3813078   4
4145   2765230   4
4146   2000000   2
4147   19200000   2
4148   200000   2
4149   11970766   16
4150   9632   2
4151   1000000   4
4152   2080526   20
4153   2113220   68
4154   1000000   6
4155   1000000   2
4156   200000   2
4157   36272990   32
4158   8064538   2
4159   2104628   2
4160   6000000   4
4161   12558   4
4162   39754000   8
4163   64400000   16
4164   610000   6
4165   19800000   6
4166   600   4
4167   26768   2
4168   43200000   2
4169   71572   2
4170   269344   8
4171   440000   4
4172   3048194   2
4173   14314   2
4174   200   2
4175   110820000   38
4176   400000   2
4177   31017712   10
4178   2000000   2
4179   8791810   4
4180   80   2
4181   18000000   2
4182   20965400   6
4183   180000   4
4184   5932   4
4185   800000   6
4186   2   2
4187   80000000   2
4188   35079412   4
4189   6000000   2
4190   45799934   4
4191   19990000   2
4192   398000   2
4193   2400000   2
4194   1146708   2
4195   4240000   8
4196   5240000   6
4197   130000000   2
4198   600000   2
4199   140400   8
4200   22276584   16
4201   19920000   2
4202   2805928   6
4203   6780000   10
4204   1320000   2
4205   42715792   2
4206   10000000   2
4207   898542   2
4208   123768   2
4209   18486   2
4210   105238236   4
4211   14719484   2
4212   354004   2
4213   202360   2
4214   20000000   2
4215   22000000   2
4216   11112738   4
4217   134356992   12
4218   3600000   4
4219   2000000   2
4220   1939688   8
4221   460000000   42
4222   1816494400   158
4223   210000   2
4224   660336   2
4225   776000   2
4226   3200000   22
4227   3507940   8
4228   100000000   4
4229   10856   2
4230   2000000   2
4231   23269102   6
4232   5000000   2
4233   2401044400   74
4234   21598800   12
4235   8113054   4
4236   2   2
4237   3507942   4
4238   4412108   2
4239   68057400   6
4240   6000000   6
4241   12000000   12
4242   10000000   2
4243   257524986   20
4244   36275028   8
4245   2000000   2
4246   19998000   6
4247   6136754   2
4248   253930362   4
4249   1400000   4
4250   4000000   2
4251   10000000   2
4252   12265048   2
4253   280800000   8
4254   100000   2
4255   5000000   6
4256   9202892   2
4257   2006338   2
4258   114099390   2
4259   4000000   2
4260   26720000   10
4261   1039340000   8
4262   301000000   2
4263   9200858   6
4264   2000000   2
4265   74153124   4
4266   37118   2
4267   4000000   2
4268   11649580   4
4269   13080000   12
4270   40000   2
4271   31994   2
4272   164000   4
4273   10000   4
4274   1403176   4
4275   1867458   4
4276   12000000   2
4277   6000000   2
4278   1431440   2
4279   860646   2
4280   6298520   2
4281   3488920   2
4282   100000   2
4283   9888   4
4284   7118498   2
4285   60000000   6
4286   548200   2
4287   7661366   4
4288   54268040   18
4289   1821302   4
4290   130000   2
4291   200000   2
4292   8180   2
4293   300000   2
4294   172078   2
4295   44000   222
4296   7400000   2
4297   131296928   8
4298   734000   4
4299   83240316   2
4300   2000000   4
4301   10483558   6
4302   10114866   2
4303   1445342   2
4304   7000000   4
4305   24000000   6
4306   966000000   2
4307   200300000   2
4308   28613386   2
4309   4192800   6
4310   10000000   2
4311   12984384   4
4312   800000   6
4313   20000000   4
4314   2104764   12
4315   2   2
4316   160700000   2
4317   46000000   2
4318   2427484   2
4319   102000000   14
4320   74600000   6
4321   17000000   4
4322   1017588000   116
4323   6650976   4
4324   723116   2
4325   400   2
4326   38033846   44
4327   196000   2
4328   5999017734   870
4329   3668   2
4330   340000   2
4331   10000000   2
4332   200000   2
4333   200000   4
4334   500000   4
4335   4625652   4
4336   6360000   4
4337   15694116   4
4338   70001850   14
4339   2561682   4
4340   6296792   2
4341   2400000   8
4342   27800402   6
4343   2000000   4
4344   3286068   4
4345   1591364   2
4346   420400   2
4347   518000   6
4348   2147160   2
4349   2   2
4350   2000000   2
4351   3200000   12
4352   874190   2
4353   296000000   22
4354   155006   796
4355   433320000   4
4356   857454   12
4357   100000   2
4358   1982704   2
4359   1360000   2
4360   2596000   2
4361   2   2
4362   17656000   2
4363   25478   2
4364   220000   2
4365   120000200   6
4366   4000000   4
4367   5000000   6
4368   1590748   2
4369   4619328   2
4370   1380000   4
4371   10000000   2
4372   2975766   2
4373   3441094   2
4374   2516934   4
4375   200000   2
4376   1000000   2
4377   3000000   2
4378   1860334   2
4379   400000   4
4380   10287546   4
4381   19997800   2
4382   1468800   2
4383   14660   2
4384   5202268   2
4385   36234000   2
4386   10000000   2
4387   4   4
4388   1213288   2
4389   62000000   4
4390   6600000   2
4391   11951304   2
4392   200   2
4393   683778   2
4394   6300000   8
4395   6480800   8
4396   20016   4
4397   2741868   8
4398   6542840   4
4399   40000   2
4400   1910581234   30
4401   33750000   16
4402   200   2
4403   309314466   6
4404   117801400   16
4405   19165892   2
4406   1979664   2
4407   9189128   18
4408   1000000   4
4409   6000000   2
4410   11866196   4
4411   115720000   8
4412   9980000   2
4413   604958   2
4414   3104764   8
4415   40000000   2
4416   440   2
4417   492000   4
4418   19272000   2
4419   4594640   2
4420   450232   8
4421   600000   2
4422   2856800   2
4423   131294400   2
4424   9234052   2
4425   100526386   4
4426   40000000   4
4427   8326230   4
4428   31577398   4
4429   748928   8
4430   5766354   4
4431   167512   4
4432   27800000   6
4433   16000000   2
4434   1244000   8
4435   17073960   2
4436   19147672   2
4437   4052690   4
4438   200000   2
4439   798442   4
4440   8440000   4
4441   22600172   8
4442   23344   6
4443   75142   2
4444   4080204   4
4445   5457888   2
4446   21194210   8
4447   200   2
4448   2474000   4
4449   87400000   2
4450   5153380   2
4451   4400000   8
4452   420000000   6
4453   7320   4
4454   3487488   2
4455   4000000   2
4456   2000000   4
4457   21670908   12
4458   21800002   6
4459   10000000   4
4460   1800032800   56
4461   12000000   2
4462   1100000   4
4463   6234670   2
4464   40000000   2
4465   19737480   8
4466   276429800   8
4467   294124   4
4468   588864   4
4469   400000   2
4470   210000   2
4471   4400456   2
4472   19998000   8
4473   14000000   4
4474   11200   58
4475   6489254   2
4476   350616240   16
4477   97699460   24
4478   227360000   6
4479   557598   2
4480   800000   4
4481   14007882   2
4482   220000000   2
4483   461744   8
4484   33829540   6
4485   1980000   2
4486   16726978   2
4487   8100000   14
4488   113848   4
4489   20200000   12
4490   5800000   2
4491   5912554   2
4492   2500000   34
4493   4050000   4
4494   800000   2
4495   20000   2
4496   10000000   2
4497   204000000   4
4498   358276   2
4499   55822724   20
4500   220000   2
4501   11260000   4
4502   6163774   2
4503   1200000   6
4504   13580000   10
4505   2000000   2
4506   48686   2
4507   20000000   2
4508   7413888   8
4509   220000000   4
4510   5090674   10
4511   1000000   2
4512   7015932   8
4513   800000   4
4514   7835690   6
4515   3000000   2
4516   27401200   2
4517   538418   2
4518   8900000   2
4519   50000000   2
4520   23973690   2
4521   32349396   6
4522   18000000   4
4523   1076983108   18
4524   1000000   2
4525   9396900   2
4526   7015882   4
4527   5200000   4
4528   1400000   6
4529   8000000   4
4530   600000   2
4531   4   4
4532   134157004   10
4533   17400000   4
4534   6093298   8
4535   4000000   2
4536   400002   4
4537   16440352   2
4538   1110718   4
4539   23720   4
4540   7756000   4
4541   200000000   12
4542   2396000   4
4543   2383858   2
4544   188840000   6
4545   125220   2
4546   1600000   2
4547   10020000   4
4548   10267514   10
4549   10000000   2
4550   4280884   4
4551   30940000   8
4552   240000   2
4553   40000000   2
4554   43663242   2
4555   18691196   6
4556   2200000   2
4557   3051838   10
4558   462060000   8
4559   32000000   6
4560   771248   4
4561   2102362200   26
4562   1605512   2
4563   3680386   2
4564   3200000   10
4565   9000000   2
4566   6000000   2
4567   22161698   2
4568   200000   2
4569   15297074   2
4570   6615988   6
4571   33452614   6
4572   6366248   2
4573   220000000   4
4574   1972284   2
4575   24996   2
4576   6307394   8
4577   200   2
4578   2000000   4
4579   400000   2
4580   2700000   6
4581   4793218   8
4582   4627960   2
4583   140000   4
4584   120000000   12
4585   2500000   2
4586   4013900   4
4587   122403202   8
4588   8940178   2
4589   920000   6
4590   2105776   2
4591   2500000   14
4592   7381702   8
4593   6105928   6
4594   459870   2
4595   1649272   2
4596   800000   4
4597   119110   2
4598   7600000   12
4599   4000000   4
4600   200   2
4601   4000000   2
4602   60000   6
4603   40000000   2
4604   26250   2
4605   30000   2
4606   1142422000   108
4607   2381760   2
4608   32134590   6
4609   5019552   6
4610   1600000   2
4611   10669738   2
4612   10000000   4
4613   200   2
4614   342056000   56
4615   9800000   8
4616   2968774   2
4617   169649200   2
4618   42940000   10
4619   9168000   4
4620   5276   2
4621   30000000   2
4622   395048   4
4623   497394   2
4624   189000400   10
4625   10000000   2
4626   654068   8
4627   730800   5866
4628   4226800   17002
4629   7501310   8
4630   10000000   2
4631   302054   2
4632   2   2
4633   3303362   2
4634   86972   2
4635   279580426   20
4636   500000   4
4637   100000   2
4638   100000000   4
4639   2500000   2
4640   7200000   4
4641   8059506   4
4642   280000   4
4643   4300000   8
4644   4523000   10
4645   8960000   16
4646   43430354   6
4647   8611878   4
4648   53000000   2
4649   600000   2
4650   2819576   2
4651   3482954   4
4652   1686806   2
4653   71980188   2
4654   113120000   2
4655   270000000   54
4656   113690490   12
4657   20988   4
4658   118580000   2
4659   2   2
4660   80200000   2
4661   9488118   2
4662   20109000   14
4663   123768   2
4664   700000   6
4665   10382166   2
4666   86902602   30
4667   1046728   2
4668   5287572   4
4669   50000000   6
4670   9372764   2
4671   77000000   12
4672   2000000   6
4673   2047506   4
4674   5461450   4
4675   1543056   2
4676   4927430   2
4677   84800   8
4678   120000   2
4679   4237968   4
4680   3846676   2
4681   620000   6
4682   314   2
4683   9141184   14
4684   26256366   8
4685   1300000   2
4686   2088980   4
4687   7931138   6
4688   24660000   6
4689   3000000   2
4690   6180000   6
4691   65482916   30
4692   14196000   4
4693   10000000   4
4694   1082130   2
4695   6592920   6
4696   2151576   2
4697   6980000   2
4698   745594   2
4699   104490   2
4700   5766000   2
4701   15580000   12
4702   9184718   6
4703   7400000   2
4704   350794   4
4705   26000000   2
4706   2000000   2
4707   143144   2
4708   37668   4
4709   5961754   2
4710   2336564   6
4711   2   2
4712   1122980   2
4713   18000000   2
4714   40000   80
4715   1182900   2
4716   600000   2
4717   1170000   2
4718   71993792   2
4719   40000000   2
4720   7600000   4
4721   340000   6
4722   60000000   4
4723   264949000   68
4724   2   2
4725   23907598   2
4726   200000   2
4727   322749926   26
4728   800000   2
4729   10431416   8
4730   900000   4
4731   6991256   4
4732   81652854   6
4733   17650   2
4734   200000   2
4735   28890000   2
4736   700630   4
4737   10378056   2
4738   2000000   4
4739   189900   2
4740   17104516   12
4741   72402000   18
4742   106250   4
4743   683486   2
4744   13327430   12
4745   20026800   2
4746   200000   2
4747   4419400   6
4748   380600000   2
4749   440000000   6
4750   34524822   2
4751   6000000   2
4752   4000   2
4753   10000000   4
4754   458000   2
4755   503892   4
4756   1369220   2
4757   451048   4
4758   11336036   16
4759   32000000   6
4760   36450088   10
4761   166400   2
4762   838436   2
4763   100000   2
4764   18000000   4
4765   306856   8
4766   2556544   2
4767   4100000   20
4768   2078602   4
4769   876986   4
4770   28674126   2
4771   9854000   8
4772   1801000   8
4773   20000000   2
4774   10394250   2
4775   80000   2
4776   920000   6
4777   805674   4
4778   25192598   4
4779   2101718   2
4780   607550   2
4781   817628   2
4782   14272   8
4783   40000   2
4784   2000000   2
4785   92600   8
4786   80000   2
4787   30000000   6
4788   2400494   2
4789   169180000   6
4790   664312   4
4791   12972810   4
4792   50112186   6
4793   91467896   8
4794   1289238   2
4795   2   2
4796   1300000   4
4797   3000000   4
4798   100000000   2
4799   24042   2
4800   1200000   8
4801   3921588   26
4802   90000000   2
4803   110   2
4804   10304998   6
4805   715720   2
4806   6000000   2
4807   4000   2
4808   14622838   2
4809   880000   2
4810   965359732   2
4811   290268   4
4812   552252000   8
4813   2000004   8
4814   203316   2
4815   10147828   2
4816   679564   20
4817   68617432   6
4818   140000   2
4819   1048812   2
4820   10055472   10
4821   1020000   6
4822   2000000   2
4823   6337522   2
4824   6811052   4
4825   5052000   2
4826   725800000   54
4827   5839200   2
4828   145248   16
4829   3443846   4
4830   198922   2
4831   10000000   4
4832   92000   2
4833   16080000   2
4834   10523824   4
4835   149511392   8
4836   58657752   12
4837   6000000   2
4838   88660000   10
4839   746000000   8
4840   12000000   6
4841   1600000   8
4842   1700000   6
4843   628958000   72
4844   538   2
4845   30000000   6
4846   27937486   2
4847   11200000   12
4848   900000   4
4849   2   2
4850   24350324   8
4851   247600   4
4852   4000000   2
4853   225002474   12
4854   4400000   6
4855   70720000   6
4856   30846734   8
4857   8000000   4
4858   3000000   4
4859   19800000   8
4860   132274   2
4861   1046098   2524
4862   22   2
4863   10000000   2
4864   279187536   12
4865   16115424   4
4866   1334272   8
4867   200   2
4868   13320560   6
4869   35786008   2
4870   1091462   2
4871   3760464   4
4872   73008664   24
4873   23102500   6
4874   2362394   2
4875   96540000   2
4876   17539706   4
4877   6248696   8
4878   1068776   2
4879   160000   2
4880   14434210   2
4881   320326   4
4882   459000000   6
4883   1319794   4
4884   320032   2
4885   8000000   2
4886   101116   2
4887   377496   8
4888   6000000   4
4889   43590578   6
4890   139064688   4
4891   36797142   8
4892   921516   2
4893   700000000   14
4894   10523824   4
4895   652212   4
4896   2   2
4897   11180560   70
4898   10170264   2
4899   10000   2
4900   12000000   10
4901   22800000   6
4902   10000000   2
4903   2188448   8
4904   2326   2
4905   41000000   16
4906   872990   2
4907   5000000   4
....................
55443   98222354   12
55444   220000000   6
55445   1415230   2
55446   4068626   2
55447   5352202   4
55448   80598470   6
55449   6060000   2
55450   1702548   4
55451   133000   2
55452   3200   4
55453   400000   2
55454   19416   4
