20150101 	0
20150102 	1
20150103 	2
20150104 	3
20150105 	4
20150106 	5
20150107 	6
20150108 	7
20150109 	8
20150110 	9
20150111 	10
20150112 	11
20150113 	12
20150114 	13
20150115 	14
20150116 	15
20150117 	16
20150118 	17
20150119 	18
20150120 	19
20150121 	20
20150122 	21
20150123 	22
20150124 	23
20150125 	24
20150126 	25
20150127 	26
20150128 	27
20150129 	28
20150130 	29
20150131 	30
20150201 	31
20150202 	32
20150203 	33
20150204 	34
20150205 	35
20150206 	36
20150207 	37
20150208 	38
20150209 	39
20150210 	40
20150211 	41
20150212 	42
20150213 	43
20150214 	44
20150215 	45
20150216 	46
20150217 	47
20150218 	48
20150219 	49
20150220 	50
20150221 	51
20150222 	52
20150223 	53
20150224 	54
20150225 	55
20150226 	56
20150227 	57
20150228 	58
20150301 	59
20150302 	60
20150303 	61
20150304 	62
20150305 	63
20150306 	64
20150307 	65
20150308 	66
20150309 	67
20150310 	68
20150311 	69
20150312 	70
20150313 	71
20150314 	72
20150315 	73
20150316 	74
20150317 	75
20150318 	76
20150319 	77
20150320 	78
20150321 	79
20150322 	80
20150323 	81
20150324 	82
20150325 	83
20150326 	84
20150327 	85
20150328 	86
20150329 	87
20150330 	88
20150331 	89
20150401 	90
20150402 	91
20150403 	92
20150404 	93
20150405 	94
20150406 	95
20150407 	96
20150408 	97
20150409 	98
20150410 	99
20150411 	100
20150412 	101
20150413 	102
20150414 	103
20150415 	104
20150416 	105
20150417 	106
20150418 	107
20150419 	108
20150420 	109
20150421 	110
20150422 	111
20150423 	112
20150424 	113
20150425 	114
20150426 	115
20150427 	116
20150428 	117
20150429 	118
20150430 	119
20150501 	120
20150502 	121
20150503 	122
20150504 	123
20150505 	124
20150506 	125
20150507 	126
20150508 	127
20150509 	128
20150510 	129
20150511 	130
20150512 	131
20150513 	132
20150514 	133
20150515 	134
20150516 	135
20150517 	136
20150518 	137
20150519 	138
20150520 	139
20150521 	140
20150522 	141
20150523 	142
20150524 	143
20150525 	144
20150526 	145
20150527 	146
20150528 	147
20150529 	148
20150530 	149
20150531 	150
20150601 	151
20150602 	152
20150603 	153
20150604 	154
20150605 	155
20150606 	156
20150607 	157
20150608 	158
20150609 	159
20150610 	160
20150611 	161
20150612 	162
20150613 	163
20150614 	164
20150615 	165
20150616 	166
20150617 	167
20150618 	168
20150619 	169
20150620 	170
20150621 	171
20150622 	172
20150623 	173
20150624 	174
20150625 	175
20150626 	176
20150627 	177
20150628 	178
20150629 	179
20150630 	180
20150701 	181
20150702 	182
20150703 	183
20150704 	184
20150705 	185
20150706 	186
20150707 	187
20150708 	188
20150709 	189
20150710 	190
20150711 	191
20150712 	192
20150713 	193
20150714 	194
20150715 	195
20150716 	196
20150717 	197
20150718 	198
20150719 	199
20150720 	200
20150721 	201
20150722 	202
20150723 	203
20150724 	204
20150725 	205
20150726 	206
20150727 	207
20150728 	208
20150729 	209
20150730 	210
20150731 	211
20150801 	212
20150802 	213
20150803 	214
20150804 	215
20150805 	216
20150806 	217
20150807 	218
20150808 	219
20150809 	220
20150810 	221
20150811 	222
20150812 	223
20150813 	224
20150814 	225
20150815 	226
20150816 	227
20150817 	228
20150818 	229
20150819 	230
20150820 	231
20150821 	232
20150822 	233
20150823 	234
20150824 	235
20150825 	236
20150826 	237
20150827 	238
20150828 	239
20150829 	240
20150830 	241
20150831 	242
20150901 	243
20150902 	244
20150903 	245
20150904 	246
20150905 	247
20150906 	248
20150907 	249
20150908 	250
20150909 	251
20150910 	252
20150911 	253
20150912 	254
20150913 	255
20150914 	256
20150915 	257
20150916 	258
20150917 	259
20150918 	260
20150919 	261
20150920 	262
20150921 	263
20150922 	264
20150923 	265
20150924 	266
20150925 	267
20150926 	268
20150927 	269
20150928 	270
20150929 	271
20150930 	272
20151001 	273
20151002 	274
20151003 	275
20151004 	276
20151005 	277
20151006 	278
20151007 	279
20151008 	280
20151009 	281
20151010 	282
20151011 	283
20151012 	284
20151013 	285
20151014 	286
20151015 	287
20151016 	288
20151017 	289
20151018 	290
20151019 	291
20151020 	292
20151021 	293
20151022 	294
20151023 	295
20151024 	296
20151025 	297
20151026 	298
20151027 	299
20151028 	300
20151029 	301
20151030 	302
20151031 	303
20151101 	304
20151102 	305
20151103 	306
20151104 	307
20151105 	308
20151106 	309
20151107 	310
20151108 	311
20151109 	312
20151110 	313
20151111 	314
20151112 	315
20151113 	316
20151114 	317
20151115 	318
20151116 	319
20151117 	320
20151118 	321
20151119 	322
20151120 	323
20151121 	324
20151122 	325
20151123 	326
20151124 	327
20151125 	328
20151126 	329
20151127 	330
20151128 	331
20151129 	332
20151130 	333
20151201 	334
20151202 	335
20151203 	336
20151204 	337
20151205 	338
20151206 	339
20151207 	340
20151208 	341
20151209 	342
20151210 	343
20151211 	344
20151212 	345
20151213 	346
20151214 	347
20151215 	348
20151216 	349
20151217 	350
20151218 	351
20151219 	352
20151220 	353
20151221 	354
20151222 	355
20151223 	356
20151224 	357
20151225 	358
20151226 	359
20151227 	360
20151228 	361
20151229 	362
20151230 	363
20151231 	364
