4 10 30000 1
4 12 10000 1
4 13 20000 1
4 15 20000 2
4 16 50000 1
4 17 10000 1
4 19 90000 2
4 24 50000 1
4 29 20000 1
4 30 30000 1
4 31 30000 2
4 32 60000 1
4 33 30000 1
4 34 20000 1
4 35 30000 2
4 37 20000 1
9 1 1420000 1
9 3 2200000 1
9 4 800000 1
9 10 400000 2
9 17 3500000 1
9 29 1948000 1
9 31 80000 1
9 33 90000 1
22 2 10000 1
22 4 20000 1
22 5 190000 3
22 6 50000 1
22 7 120000 2
22 9 90000 2
22 15 1000 1
23 2 315000 2
23 5 190000 1
23 6 100000 1
23 12 180000 1
23 15 180000 1
23 17 500000 1
23 18 170000 1
23 21 180000 1
23 25 180000 1
23 27 180900 2
23 31 180000 1
23 34 175000 1
23 37 180000 1
29 3 11500 1
29 18 200000 1
32 28 50000 1
33 10 200000 1
33 11 100000 1
35 24 350000 1
40 1 2780000 4
40 2 100000 1
40 3 927400 2
40 4 804600 1
40 5 5000000 1
40 7 750000 2
40 9 3105000 2
40 10 5000000 1
40 11 5000000 1
40 12 6000000 2
40 13 7680000 2
40 15 12961000 3
40 16 4900000 3
40 18 6310000 3
40 19 5665000 4
40 20 720000 2
40 21 1910000 3
40 22 5000000 1
40 23 3380000 3
40 24 3520000 6
40 25 2390000 1
40 26 4685500 3
40 27 300000 1
40 28 460000 2
40 29 440000 2
40 30 2372000 3
40 31 2000000 1
40 32 4690000 3
40 33 3165000 3
40 34 4885000 1
40 35 400000 1
40 36 2678000 2
40 37 360000 1
61 1 102000 1
61 14 52000 1
68 10 2400000 1
71 3 759500 1
71 7 1334400 1
73 25 13000 1
77 3 80000 1
77 33 500 1
78 4 5000000 1
78 5 2000000 1
78 7 140000 1
78 10 265000 2
78 13 3000000 1
83 7 200000 1
85 19 2000 1
88 7 115000 3
88 9 59000 2
88 13 8000 1
88 21 500000 2
88 22 342000 4
88 24 80000 1
88 25 1080000 2
88 26 430000 2
88 27 179000 2
88 29 100000 1
88 30 415400 11
88 31 478400 11
88 32 40000 1
91 7 11600 116
91 8 56400 564
91 9 230500 2305
91 10 144300 1443
91 11 148300 1483
91 12 145300 1453
91 13 197500 1975
91 14 222854 2251
91 15 153285 1580
91 16 145719 1521
91 17 188085 1979
91 18 164207 1649
91 19 178045 1780
91 20 184600 1846
91 21 57900 579
92 24 500000 1
92 25 1440900 1
92 33 232500 1
92 34 1000000 1
92 35 164500 1
92 36 500000 1
100 7 2899500 2
100 8 3009300 3
100 9 2800000 2
100 10 1659000 2
100 11 6686000 5
100 12 3000000 3
100 13 4951700 7
100 15 3445700 5
100 16 693500 2
100 17 2242600 4
100 18 4783500 5
100 19 3480000 2
100 20 2603000 3
100 21 3194700 4
100 22 2000000 1
100 23 1596000 1
100 24 2000000 1
100 25 1199800 1
100 27 1600000 2
100 30 311999 3
100 31 500000 1
101 8 1300000 2
102 7 200000 2
103 4 160000 1
103 5 90000 1
103 9 90000 1
103 16 100000 1
104 2 600000 1
104 7 4175000 2
104 8 400000 1
104 9 150000 1
104 11 2500000 2
104 15 50000 1
104 19 500000 1
104 20 280000 3
104 21 580000 2
104 28 1800000 1
104 31 1700000 3
104 33 2500000 1
105 8 7460000 2
106 8 37800 1
106 9 37800 1
106 17 37800 1
107 9 10000000 1
108 9 10000 1
109 7 20000 1
110 2 7585000 4
110 4 7900000 3
110 7 9250000 3
110 8 7800000 3
110 9 800000 2
110 11 2050000 1
110 12 500000 1
110 14 13400000 4
110 17 11030000 4
110 19 3505000 1
110 20 10500000 3
110 22 5000000 1
110 23 12600000 6
111 8 1000000 1
112 1 3172500 3
112 2 3730500 4
112 3 3564200 4
112 4 6325000 3
112 5 10680000 5
112 6 5206000 5
112 7 3883000 2
112 8 5530000 3
112 9 5880600 4
112 10 1882199 3
112 11 3780000 2
112 12 3985000 4
112 13 6272200 3
112 14 3795000 2
112 15 5186000 5
112 16 4657000 2
112 17 3838300 2
112 18 2891100 3
112 20 4474304 4
112 21 3597178 3
112 22 6578500 4
112 23 8464038 3
112 24 4500000 1
112 25 7172596 4
112 26 1343772 2
112 27 800000 1
112 28 4863400 6
112 29 6003900 5
112 30 15464600 11
112 31 7685600 3
112 32 7065800 7
112 33 2800000 1
112 34 10979700 6
112 35 4892500 4
112 36 1152132 5
112 37 4567800 2
113 1 1000000 1
113 8 100000 1
113 10 200000 1
113 20 174000 2
114 8 80000 1
115 3 30000 1
115 9 11000 11
116 8 3100000 2
117 2 1050000 1
117 7 2585000 1
117 12 100000 1
117 13 550000 3
117 14 360000 1
117 16 5550000 3
117 17 930000 2
117 18 602500 2
117 19 1950000 2
117 20 270000 2
117 21 770000 2
117 22 390000 3
117 23 438500 4
117 24 1788600 4
117 25 1763800 7
117 26 1690000 4
117 27 1712000 3
118 9 300000 2
119 1 30000 1
119 3 40000 2
119 7 48000 1
119 8 35000 2
119 10 50000 1
119 11 27000 2
119 12 80000 1
119 14 40000 2
119 15 30000 1
119 16 20000 1
119 17 20000 1
119 18 16000 1
119 19 50000 1
119 20 40000 1
119 22 151000 1
119 26 13000 1
119 27 110000 1
119 29 139000 2
119 33 90000 1
120 8 90000 3
120 15 100000 1
120 19 500 1
120 20 30000 1
121 3 100000 1
121 7 200000 1
121 15 100000 1
121 16 106500 1
121 19 100000 1
121 23 400000 1
121 32 400000 1
122 8 50000 1
123 2 48866 1
123 3 174930 1
123 5 48866 1
123 8 48866 1
123 10 100000 1
123 11 9100 1
123 12 166966 2
123 13 10500 1
123 14 171250 2
123 17 283701 3
123 21 249561 2
123 24 333334 3
123 27 248301 2
123 33 643631 4
123 36 1333100 3
124 9 2000000 1
125 7 300000 1
125 18 1470000 1
126 7 10000000 2
126 15 5000000 1
126 24 5000000 1
127 3 1600000 1
127 4 1000000 1
127 6 2920000 2
127 9 2050000 2
127 11 2100000 3
127 12 1350000 1
127 13 200000 1
127 15 4550000 3
127 18 1170000 1
127 21 1980500 2
127 24 5500000 2
127 26 870000 2
127 29 670000 1
127 32 660000 1
127 35 670000 1
128 4 804000 1
128 7 280000 2
128 9 1464000 3
128 10 350000 3
128 13 710000 3
128 17 442800 2
128 25 400000 2
128 26 300000 1
129 8 18000 1
129 22 3200000 1
129 26 500000 1
129 31 5000000 1
129 32 56400 1
129 36 2500000 1
130 1 848685797 247
130 2 1406966259 880
130 3 1622477508 361
130 4 1435674386 568
130 5 726042363 505
130 6 273644984 66
130 7 805180751 616
130 8 840805106 263
130 9 1664709275 432
130 10 1773063140 504
130 11 2216429185 823
130 12 5087426918 772
130 13 2047467335 405
130 14 4622814967 618
130 15 2295668835 580
130 16 2562439146 502
130 17 4217858149 973
130 18 1613308034 285
130 19 4355386743 583
130 20 3582545090 522
130 21 267359077 139
130 22 422386049 120
130 23 1227456558 82
130 24 676982027 189
130 25 85922590 32
130 26 702627221 108
130 27 135479160 51
130 28 11883098 15
130 29 461289044 68
130 30 214164429 431
130 31 394628819 385
130 32 244765840 95
130 33 819116495 423
130 34 372307834 360
130 35 634841594 98
130 36 1908086235 381
130 37 78682642 46
131 9 130000 1
131 13 2600000 2
132 8 3000000 1
132 9 7700000 3
132 14 4000000 1
132 17 3950000 1
132 18 250000 1
132 19 4000000 1
132 20 2900000 2
132 21 5950000 2
132 22 4000000 1
132 23 4000000 1
132 26 7680000 2
132 28 3000000 1
132 29 3680000 2
133 8 280000 1
134 3 800000 1
134 5 2720000 4
134 6 800000 1
134 9 800000 1
134 12 800000 1
134 15 850000 2
134 18 1800000 2
134 20 2000000 1
134 21 720000 2
134 23 190000 1
134 24 810000 1
134 30 500000 1
134 32 200000 1
134 34 530000 1
134 35 200000 1
134 37 300000 1
135 1 530000 3
135 3 50000 1
135 4 2410000 4
135 6 780000 3
135 7 119000 1
135 8 690000 2
135 10 248000 2
135 13 361000 3
135 15 1110000 2
135 16 115000 1
135 17 840000 1
135 19 120000 1
135 22 230000 3
135 23 30000 1
135 24 192500 1
135 25 115000 2
135 26 1060000 3
135 27 400000 2
135 28 261000 2
135 29 209000 2
135 31 660000 4
135 34 111000 1
136 10 30300 2
137 7 20000 1
138 1 10000 1
138 7 45000 2
138 9 8500 2
138 10 11200 3
138 13 9500 1
138 20 39200 2
138 23 9500 1
138 29 20000 1
139 6 4300000 3
139 22 1900000 1
140 3 635000 2
140 6 853000 3
140 9 648000 2
140 12 683000 2
140 24 360000 1
140 33 351000 1
141 7 60000 1
141 9 60000 1
141 25 500000 2
141 30 330000 2
141 35 500000 1
141 36 56700 1
142 2 168000 1
142 4 2130000 2
142 7 1466000 6
142 8 600000 2
142 9 2000000 2
142 10 1280000 4
142 11 207600 2
142 12 990500 6
142 13 150000 1
142 14 32000 1
142 15 290000 1
142 17 150000 1
142 18 500000 2
142 20 300000 1
142 22 145000 2
142 23 495000 1
142 25 1699000 4
142 26 9000 1
142 28 300000 1
142 30 4000000 1
142 31 150000 1
143 2 4500000 2
143 4 1800000 1
143 5 400000 1
143 8 2200000 2
143 10 1700000 1
143 12 400000 1
143 22 5000000 1
144 2 400000 1
144 5 350000 1
144 8 180000 1
145 5 5000 1
145 7 100000 1
145 8 200000 2
145 9 200000 1
145 11 50000 1
145 12 20000 1
145 13 90000 1
145 14 60000 2
145 15 100000 1
145 17 70000 2
145 18 100000 1
145 19 50000 1
145 20 340000 2
146 5 100000 1
146 8 500000 1
147 9 100000 1
148 3 200000 1
148 5 350000 3
148 7 30000 1
148 11 460000 1
148 14 900000 2
148 20 280000 2
148 30 30000 1
148 33 500000 1
149 1 399000 2
149 4 199500 1
149 8 173500 1
149 14 189500 2
149 15 479500 1
149 16 599500 2
149 17 490000 1
149 18 790000 2
149 19 990000 2
149 20 500000 1
149 21 1180000 2
149 22 1790000 2
149 24 1290000 3
149 27 379000 2
149 30 175000 1
149 32 799500 1
150 4 2100 21
150 5 50500 6
150 7 322500 3225
150 8 598000 5979
150 9 690000 6851
150 10 10000 9
150 21 100 1
150 22 100 1
150 24 800 1
150 29 10000 1
150 32 20000 2
150 33 10000 1
150 34 20000 2
150 35 10000 1
150 36 10000 1
150 37 10000 1
151 3 4129900 3
151 4 814200 1
151 6 4999000 1
151 7 1113000 2
151 8 2130200 4
151 9 2499900 1
151 11 18400 1
151 12 4998000 1
151 15 4526800 2
151 19 6675000 2
151 20 2696000 2
151 21 2495000 1
151 24 7596900 4
151 25 450000 1
151 26 4995000 1
151 27 4300000 2
151 28 4298000 4
151 30 4998800 1
151 32 4995000 1
151 35 3188100 2
151 36 4225000 4
152 9 2000000 4
152 10 1565700 1
152 11 130000 1
152 12 800000 1
152 15 490000 1
152 18 1500000 2
152 27 4000000 1
152 33 900000 1
152 36 5000000 1
153 8 352000 3
153 9 70000 2
153 11 126000 1
153 13 2000 1
153 15 39000 1
154 1 300000 1
154 9 500000 2
154 10 170000 1
154 20 1560000 1
155 2 500000 1
155 8 350000 1
155 10 2800000 1
156 2 2000000 1
156 5 5000000 3
156 8 4000000 2
156 9 3400000 1
156 12 2300000 1
156 14 2600000 2
156 26 3500000 2
156 35 4000000 2
157 7 320000 3
157 8 30000 2
158 2 1100000 2
158 7 130000 1
158 34 320000 1
158 37 4000 1
159 3 30000 1
159 5 30000 1
159 6 100000 1
159 8 30000 1
159 11 100000 1
159 12 30000 1
159 15 30000 1
159 18 280000 2
159 21 80000 2
159 25 50000 1
159 28 50000 1
159 34 50000 1
159 36 50000 1
160 7 18000 1
161 6 100000 1
161 13 20000 1
161 14 310000 2
161 23 200000 1
161 24 300000 1
162 9 68500 2
162 12 100000 1
162 13 5500 1
162 15 143000 1
162 17 300000 2
162 20 140000 1
162 21 60000 1
162 23 195000 3
162 31 1027000 2
163 8 350000 1
163 9 2000000 1
164 3 20000 1
164 4 640000 1
164 5 2099000 4
164 7 300000 1
164 9 184000 1
164 15 184000 1
164 25 557400 1
164 29 405000 1
164 30 2000000 1
164 31 55000 1
164 33 500000 1
165 9 5000000 1
165 10 1600000 1
166 1 125500 1
166 2 102000 1
166 3 290000 1
166 6 730000 2
166 7 500000 1
166 8 728800 2
166 11 690000 2
166 15 1823000 2
166 18 740000 2
166 21 730000 2
166 24 461000 1
166 27 2389000 2
166 30 5090000 2
166 31 1940000 1
166 33 437000 1
166 34 3215000 2
166 36 6989500 3
167 6 500 1
167 7 20000 2
167 9 140000 1
167 11 2000 1
167 12 100000 1
167 13 10000 1
167 15 400000 2
167 18 250000 1
167 24 318000 3
167 26 120000 1
167 27 240000 1
167 28 20000 1
167 30 250000 1
167 31 60000 1
167 33 120000 1
167 34 240000 1
167 35 110000 1
167 36 350000 2
168 9 300000 2
168 14 50000 1
168 21 50000 1
168 27 30000 1
168 30 30000 1
168 33 30000 1
168 36 30000 1
169 7 480000 2
169 8 500000 1
169 12 50000 1
170 7 1030000 1
171 7 100000 1
171 11 110000 1
172 9 700000 2
172 17 30000 1
172 23 20000 1
172 28 20000 1
173 9 50000 1
173 24 20000 1
173 28 5000 1
174 8 130000 1
174 37 20000 1
175 2 870000 3
175 3 288000 1
175 4 1100000 1
175 5 240000 3
175 7 960000 1
175 9 970000 2
175 12 100000 1
175 13 810000 1
175 15 100000 1
175 16 1120000 2
175 19 700000 1
175 20 630000 1
175 21 900000 3
175 24 380000 1
175 26 700000 1
175 28 300000 1
175 29 1132000 1
175 30 100000 1
175 31 540000 2
175 33 1070000 4
175 36 420000 2
176 8 5000 1
176 14 1000 1
176 17 8000 1
176 20 192500 1
176 29 5200 1
176 33 4500 1
176 36 16000 1
177 8 5000000 1
177 9 5600000 2
177 10 5000000 1
178 7 17625 3
179 1 400000 1
179 2 530000 1
179 8 3000000 1
180 2 3000000 1
180 8 45000 1
180 9 500000 2
180 11 70000 1
180 15 209000 1
180 17 1000000 1
180 19 1600000 1
180 21 1600000 1
180 24 2000000 2
180 25 40000 1
180 27 1350000 1
180 29 1000000 1
180 33 508000 1
180 35 300000 1
180 36 890000 1
181 7 4080000 3
181 8 700000 1
181 17 3800000 1
181 18 3600000 1
181 22 103000 1
181 24 290000 1
182 1 2000000 1
182 9 65000 1
182 29 74000 1
182 34 500000 1
183 2 1204000 1
183 5 600000 2
183 7 5000000 1
183 8 8942000 4
183 9 950000 1
183 11 1870000 1
183 16 4999900 1
183 20 4999900 1
183 24 4999900 1
183 31 1900000 1
184 7 500000 1
185 1 320000 2
185 5 70000 1
185 6 120000 2
185 8 50000 1
185 10 50000 1
185 12 100000 1
186 2 5000000 1
186 7 9368000 2
186 8 10048000 3
186 9 2887300 2
187 2 240000 3
187 3 200000 1
187 8 355000 3
187 10 50000 1
187 15 570000 4
187 17 150000 1
187 19 30000 1
187 20 600000 3
187 21 200000 3
187 23 60000 1
187 24 30000 1
187 25 40000 1
187 26 59000 1
187 28 110000 2
187 32 400000 1
188 5 170000 1
188 8 180000 1
188 14 180000 1
188 15 28000 1
188 18 170000 1
188 21 180000 1
188 30 180000 1
189 3 780000 1
189 5 550000 1
189 8 99000 1
189 12 2750000 1
189 13 300000 1
189 14 930000 1
189 16 1380000 1
189 17 1913000 1
189 20 3340000 2
189 21 260000 1
189 24 270000 2
189 26 1570000 4
189 28 1470000 1
189 29 110000 1
189 30 2540000 2
189 31 910000 1
189 32 1000000 1
189 33 280000 1
190 9 50000 1
190 20 45000 2
190 22 3300 1
190 31 60000 1
191 8 670000 4
191 12 300000 1
191 23 300000 1
191 31 120000 1
192 7 7725000 3
193 7 210000 3
193 8 430000 3
193 11 343000 2
193 13 320000 1
193 17 330000 3
193 19 360000 2
193 20 220000 1
193 23 340000 1
193 25 49000 1
193 26 320000 1
193 27 10500 1
194 5 2000000 2
194 6 1315000 2
194 7 6900000 2
194 8 5965000 3
194 10 720000 2
194 12 2500000 1
194 14 7330000 2
194 15 500000 1
194 16 3230000 1
194 17 4912000 4
194 19 925000 1
194 20 2610000 1
194 21 2660000 1
194 22 3010000 1
194 25 1030000 2
194 26 8205000 3
194 27 1000000 1
194 28 5000000 1
194 29 1000000 1
194 31 5850000 3
194 32 8700000 2
194 33 2100000 2
194 34 2430000 1
194 35 4500000 1
194 36 1000000 1
194 37 5000000 3
195 2 300000 1
195 3 1000000 1
195 5 10230000 5
195 8 1250000 4
195 10 400000 3
195 13 100000 1
195 14 5950000 4
195 15 300000 1
196 2 1075000 2
196 3 1120000 2
196 4 5448000 3
196 5 2300000 1
196 7 1400000 1
196 9 3900000 3
196 11 4000000 2
196 12 9200000 3
196 13 3454000 3
196 15 9410000 6
196 16 2100000 1
196 17 1040000 2
196 18 900000 1
196 20 440000 1
196 21 1660000 2
196 22 1100000 2
196 25 1200000 1
196 27 700000 1
196 30 2480000 2
196 34 2400000 1
197 9 4885000 1
198 8 100000 2
198 14 50000 2
198 16 120000 2
198 20 30000 1
198 29 50000 1
198 34 13800 1
198 35 7800 1
199 6 107000 2
199 9 27000 1
199 12 50000 1
199 13 40000 1
199 14 20000 1
199 18 53400 1
200 7 180572200 10
200 8 4771645100 102
200 10 1618863200 45
200 11 2659717700 85
200 12 4292654800 120
200 13 4816972500 112
200 14 4393029500 114
200 15 949008800 24
200 16 701798700 15
200 22 3296756300 244
200 23 8812834300 180
200 24 1251597100 37
200 26 54082100 2
200 28 1564488500 322
200 29 156480000 76
200 31 1479100100 489
200 32 751406300 211
200 33 259656200 67
200 34 267159800 96
200 35 643690287 114
200 36 342540500 36
200 37 259902300 19
201 1 5104600000 217
201 2 5121981200 149
201 3 2876500000 86
201 4 6531707400 132
201 5 6105401000 177
201 6 3364946300 99
201 7 8200011800 197
201 8 6449189000 161
201 9 6003423800 102
201 10 7352076400 131
201 11 8189945500 136
201 12 6433316300 146
201 13 8522305300 348
201 14 10644464400 448
201 15 10714106200 469
201 16 11063570900 555
201 17 11770973600 765
201 18 10730000030 1013
201 19 11797741100 1021
201 20 9815013300 967
201 21 10739510400 1183
202 1 2387176000 87
202 2 3303010000 93
202 3 5661845000 167
202 4 2846500000 61
202 5 2004000000 48
202 6 5594101000 152
202 7 2068403600 25
202 8 2550866100 72
202 9 2001505400 36
202 10 1031117100 32
202 11 1743349000 27
202 12 2768708700 59
202 13 1775006300 63
203 1 1905757529 101
203 2 896707700 56
203 3 1736153912 96
203 4 30012911600 131
203 5 1867700765 41
203 6 1198288583 40
203 7 2935534123 103
203 8 1429867126 49
203 9 763545336 21
203 10 854099910 42
203 11 563192301 56
203 12 570809350 60
203 13 1341499455 60
203 14 2662421300 137
203 15 1495094780 127
203 16 2221781310 172
203 17 3378240100 339
203 18 2214780900 256
203 19 6211627100 468
203 20 5235926331 479
203 21 4826091891 340
203 22 9477767590 663
203 23 13340181500 758
203 24 15368267999 805
203 25 18946564000 1252
203 26 10546146542 301
203 27 926714600 45
203 28 6651601010 241
203 29 9822341411 315
203 30 14183574300 343
203 31 13740825220 359
203 32 10901318714 345
203 33 5997086023 223
203 34 955899000 31
203 35 3548596002 69
203 36 3286413200 209
203 37 4189278200 113
204 1 1296193800 10
204 2 9473000000 30
204 3 13094800000 51
204 4 14651034400 52
204 5 8101143000 43
204 6 6938000000 27
204 7 18938733600 74
204 8 17415000000 64
204 9 15665313700 61
204 10 2521457700 19
204 11 2141586100 24
204 12 1738126300 18
204 13 2585989900 16
204 14 283141600 10
204 15 843000000 7
204 16 1123000000 13
204 17 7667489400 36
204 18 15023045100 84
204 19 14823713000 75
204 20 19683135100 93
204 21 23812822000 96
204 22 401159200 4
204 23 14332286000 71
204 24 25417057000 113
205 1 82732000 11
205 2 3290022200 17
205 3 6363806000 36
205 4 4690428900 35
205 5 4855520000 24
205 6 3815460000 15
205 7 3300044700 19
205 8 1000000 1
205 9 135100300 7
205 10 50282000 4
205 13 30000000 6
205 14 220000000 6
205 15 51010000 12
205 16 962196000 25
205 17 41019144 11
205 18 600000000 6
205 19 3815391700 479
205 20 1610510000 217
205 21 3811897000 501
205 22 3622252100 271
205 23 210827000 23
205 24 337955000 28
205 25 885000000 14
205 26 3000000 1
205 28 399980000 4
205 31 265000000 7
205 32 110000000 5
205 33 285000000 10
205 34 375000000 11
205 35 88000000 3
205 36 460000000 10
205 37 268983200 7
206 1 20000000 1
206 2 20000000 1
206 3 120283000 11
206 4 70291000 8
206 5 189302000 8
206 6 520973000 13
206 7 495066000 16
206 8 641023600 24
206 9 1032798400 31
206 10 781987000 14
206 11 490797000 14
206 12 1562207000 33
206 13 391445000 9
206 14 582038000 13
206 15 2485441400 44
206 16 3663238200 77
206 17 2662464900 97
206 18 1862999600 153
206 19 2717001400 111
206 20 2934132000 138
206 21 6247958900 480
206 22 2998851100 21
207 36 1000239850 3
208 1 7259332900 316
208 2 1951457000 87
209 18 14806334800 1908
209 19 5224303000 698
209 20 539866000 72
210 10 670112200 21
210 11 16788670600 513
210 12 15975435900 473
210 13 4861436100 147
210 23 2835228700 50
211 30 2340905000 4
211 31 2986992600 5
211 32 4143657500 10
211 33 4552492171 12
211 34 8002799386 70
211 35 3128158203 24
211 36 5183991700 51
211 37 1658843700 6
212 1 9721062000 1036
212 2 12612769000 849
212 3 9728693000 709
212 7 309261000 33
212 12 760114000 15
212 19 10347915000 1388
212 21 1735711000 218
212 22 919687000 92
212 27 10000000 2
212 28 1000 1
213 35 352063800 10
213 36 4459277500 104
