929e0cdd64718baa322c0c33c0fdb93f 4 30000 98 6500 0000
929e0cdd64718baa322c0c33c0fdb93f 4 10000 112 6500 0000
929e0cdd64718baa322c0c33c0fdb93f 4 20000 124 6500 0000
b27730d8a5b734379d552fb53a91863a 4 10000 140 6500 0000
b27730d8a5b734379d552fb53a91863a 4 10000 142 6500 0000
4e753561bec3feec38e44196a27e7f6a 4 50000 158 6500 0000
b27730d8a5b734379d552fb53a91863a 4 10000 160 6500 0000
929e0cdd64718baa322c0c33c0fdb93f 4 20000 182 6500 0000
929e0cdd64718baa322c0c33c0fdb93f 4 70000 188 6500 0000
b27730d8a5b734379d552fb53a91863a 4 50000 238 0000 0000
b27730d8a5b734379d552fb53a91863a 4 20000 282 6500 0000
0e294a5833ac3a721f7b7ee6bdc752a7 4 30000 292 6500 0000
b27730d8a5b734379d552fb53a91863a 4 10000 306 6500 0000
b27730d8a5b734379d552fb53a91863a 4 20000 309 6500 0000
b27730d8a5b734379d552fb53a91863a 4 60000 311 6500 0000
3da59608ed074654582d10e4cdcc8990 4 30000 327 6500 6500
b27730d8a5b734379d552fb53a91863a 4 20000 335 6500 0000
b27730d8a5b734379d552fb53a91863a 4 10000 342 6500 0000
b27730d8a5b734379d552fb53a91863a 4 20000 345 6500 0000
b27730d8a5b734379d552fb53a91863a 4 20000 362 6500 0000
8d1eb27c11936a67a38800be912dd588 9 1420000 2 0000 4500
8d1eb27c11936a67a38800be912dd588 9 2200000 29 0000 4500
799b506217a635d33bfba5124621a5c5 9 800000 39 0000 0000
2bd86b6e4e9973226fdf478100e1ab4e 9 200000 99 0000 3930
2bd86b6e4e9973226fdf478100e1ab4e 9 200000 99 0000 3930
4356f3c924958dabc93f416eb1e70df6 9 3500000 165 4500 4500
61a14a6ccf12831ea0a8bfbbef1e7bad 9 1948000 288 0000 0000
98822ea84eebd46bad5db1cff2f2e9f0 9 80000 307 0000 4500
89397cae5ba593dbdccf87735cb101a8 9 90000 329 0000 4500
de4ca36a41960cd0f3cbafa2e35ab0e9 22 10000 19 0000 1200
574065c12fe4bcbb39ccf213090865e4 22 20000 38 0000 1200
431f5bcae417896e97f0243f5abfe667 22 150000 40 0000 1200
574065c12fe4bcbb39ccf213090865e4 22 20000 47 0000 1200
cb8f4f48d4e4a443a8d91f61d7436d3d 22 20000 47 0000 0000
cb8f4f48d4e4a443a8d91f61d7436d3d 22 50000 57 0000 0000
cb8f4f48d4e4a443a8d91f61d7436d3d 22 20000 61 0000 0000
399ae239bd74094b69d798b0bcad5284 22 100000 61 0000 1000
cb8f4f48d4e4a443a8d91f61d7436d3d 22 70000 86 0000 0000
574065c12fe4bcbb39ccf213090865e4 22 20000 86 0000 1200
2986f226d9de27d5767b126bce991e17 22 1000 149 0000 0000
90775706da4fd1062ee006f1f4e47ab3 23 180000 11 6500 0000
90775706da4fd1062ee006f1f4e47ab3 23 135000 17 6500 0000
90775706da4fd1062ee006f1f4e47ab3 23 190000 42 6500 0000
5b6a1410c91dcd5e0d9c1832bbba3ecb 23 100000 58 6500 0000
90775706da4fd1062ee006f1f4e47ab3 23 180000 114 6500 0000
90775706da4fd1062ee006f1f4e47ab3 23 180000 142 6500 0000
2adbc941437347684237a50b998fcdde 23 500000 164 6500 0000
90775706da4fd1062ee006f1f4e47ab3 23 170000 173 6500 0000
90775706da4fd1062ee006f1f4e47ab3 23 180000 202 6500 0000
90775706da4fd1062ee006f1f4e47ab3 23 180000 243 6500 0000
90775706da4fd1062ee006f1f4e47ab3 23 180000 262 6500 0000
6c2ed9a6db3e8aee4d943b73c7e75861 23 900 262 6500 0000
90775706da4fd1062ee006f1f4e47ab3 23 180000 301 6500 0000
90775706da4fd1062ee006f1f4e47ab3 23 175000 330 6500 0000
90775706da4fd1062ee006f1f4e47ab3 23 180000 363 6500 0000
db0444c55d3cdd5e74db133710e4e977 29 11500 21 0000 0000
318a9be134139f38afcbffb5f23578e8 29 200000 173 0000 0000
d03e162fce06ab47c0b4e94cb88c42f0 32 50000 271 0000 5800
b49a16a299724978c62a5cc4e0ce0707 33 200000 99 0000 6500
b49a16a299724978c62a5cc4e0ce0707 33 100000 106 0000 6500
8379f7321ea4c3850edf33967523ea47 35 350000 232 0000 0000
3a9363c2c5120b88a8826a59dbf9f5a4 40 280000 3 0000 0000
6d96f758a6fc6f4369783635cfb73b7e 40 500000 4 0000 0000
6d96f758a6fc6f4369783635cfb73b7e 40 1000000 4 0000 0000
da7966272335ea361eba44ab2c28ad76 40 1000000 8 0000 0000
fed0f430641b2c1fa3f0bb20fc1058bc 40 100000 13 0000 0000
17ad8e724d711e9fb5c702b2c66f7b82 40 627400 21 0000 0000
fa27fd96209ff054dc08021a8f3aa28f 40 300000 26 0000 0000
17ad8e724d711e9fb5c702b2c66f7b82 40 804600 37 0000 0000
17ad8e724d711e9fb5c702b2c66f7b82 40 5000000 42 0000 0000
17ad8e724d711e9fb5c702b2c66f7b82 40 380000 61 0000 0000
17ad8e724d711e9fb5c702b2c66f7b82 40 370000 69 0000 0000
4917142a42fde199289529eba19ef73f 40 225000 82 0000 0000
17ad8e724d711e9fb5c702b2c66f7b82 40 2880000 89 0000 0000
17ad8e724d711e9fb5c702b2c66f7b82 40 5000000 92 0000 0000
17ad8e724d711e9fb5c702b2c66f7b82 40 5000000 109 0000 0000
17ad8e724d711e9fb5c702b2c66f7b82 40 3000000 111 0000 0000
17ad8e724d711e9fb5c702b2c66f7b82 40 3000000 118 0000 0000
17ad8e724d711e9fb5c702b2c66f7b82 40 4900000 125 0000 0000
17ad8e724d711e9fb5c702b2c66f7b82 40 2780000 128 0000 0000
17ad8e724d711e9fb5c702b2c66f7b82 40 3071000 140 0000 0000
17ad8e724d711e9fb5c702b2c66f7b82 40 4890000 141 0000 0000
0ad068f7a87b6a0c902aa2d95e84c842 40 5000000 148 3930 3930
6d96f758a6fc6f4369783635cfb73b7e 40 2000000 150 0000 0000
6d96f758a6fc6f4369783635cfb73b7e 40 300000 150 0000 0000
3f863e7a198426397544d02b19ba59ed 40 2600000 157 0000 0000
6d96f758a6fc6f4369783635cfb73b7e 40 1800000 170 0000 0000
6d96f758a6fc6f4369783635cfb73b7e 40 4150000 173 0000 0000
ea065db8950c30c7bd58ac70e475ab91 40 360000 176 0000 0000
17ad8e724d711e9fb5c702b2c66f7b82 40 2195000 180 0000 0000
17ad8e724d711e9fb5c702b2c66f7b82 40 500000 181 0000 0000
3f863e7a198426397544d02b19ba59ed 40 60000 183 0000 0000
17ad8e724d711e9fb5c702b2c66f7b82 40 2910000 188 0000 0000
da7966272335ea361eba44ab2c28ad76 40 500000 192 0000 0000
17ad8e724d711e9fb5c702b2c66f7b82 40 220000 195 0000 0000
17ad8e724d711e9fb5c702b2c66f7b82 40 110000 202 0000 0000
53070cee403c0116fa562fc56eff2e9b 40 800000 202 0000 0000
17ad8e724d711e9fb5c702b2c66f7b82 40 1000000 208 0000 0000
17ad8e724d711e9fb5c702b2c66f7b82 40 5000000 214 0000 0000
17ad8e724d711e9fb5c702b2c66f7b82 40 220000 227 0000 0000
17ad8e724d711e9fb5c702b2c66f7b82 40 2960000 229 0000 0000
53070cee403c0116fa562fc56eff2e9b 40 200000 229 0000 0000
53070cee403c0116fa562fc56eff2e9b 40 200000 231 0000 0000
fed0f430641b2c1fa3f0bb20fc1058bc 40 220000 233 0000 0000
9c4990f0c66cf520cb9b3ca166e22526 40 1000000 235 0000 0000
9c4990f0c66cf520cb9b3ca166e22526 40 300000 236 0000 0000
9c4990f0c66cf520cb9b3ca166e22526 40 1600000 236 0000 0000
53070cee403c0116fa562fc56eff2e9b 40 200000 239 0000 0000
17ad8e724d711e9fb5c702b2c66f7b82 40 2390000 248 0000 0000
17ad8e724d711e9fb5c702b2c66f7b82 40 2980000 250 0000 0000
17ad8e724d711e9fb5c702b2c66f7b82 40 1485500 252 0000 0000
17ad8e724d711e9fb5c702b2c66f7b82 40 220000 258 0000 0000
17ad8e724d711e9fb5c702b2c66f7b82 40 300000 262 0000 0000
ea065db8950c30c7bd58ac70e475ab91 40 360000 270 0000 0000
17ad8e724d711e9fb5c702b2c66f7b82 40 100000 272 0000 0000
17ad8e724d711e9fb5c702b2c66f7b82 40 220000 281 0000 0000
17ad8e724d711e9fb5c702b2c66f7b82 40 220000 287 0000 0000
6d96f758a6fc6f4369783635cfb73b7e 40 1410000 291 0000 0000
17ad8e724d711e9fb5c702b2c66f7b82 40 852000 293 0000 0000
17ad8e724d711e9fb5c702b2c66f7b82 40 110000 294 0000 0000
17ad8e724d711e9fb5c702b2c66f7b82 40 2000000 306 0000 0000
17ad8e724d711e9fb5c702b2c66f7b82 40 1640000 311 0000 0000
0c76a2efbc58c9cf94809f5216a16d17 40 50000 311 0000 0000
03fb64384b299e953f965fb941929a3c 40 3000000 319 0000 0000
495c12bfc392ba2d70822da066fe511b 40 2000000 324 0000 0000
6e0408de041de0662b2c54375092ede7 40 1000000 324 0000 0000
fed0f430641b2c1fa3f0bb20fc1058bc 40 165000 329 0000 0000
17ad8e724d711e9fb5c702b2c66f7b82 40 4885000 334 0000 0000
6d96f758a6fc6f4369783635cfb73b7e 40 400000 345 0000 0000
17ad8e724d711e9fb5c702b2c66f7b82 40 2010000 351 0000 0000
17ad8e724d711e9fb5c702b2c66f7b82 40 668000 354 0000 0000
ea065db8950c30c7bd58ac70e475ab91 40 360000 363 0000 0000
......